542    1 Arjeplog WIDTH_RING PCAB -                                               RES
542    2 Sweeden   Norway spruce 600  6604-1759 1634 1978 -                       RES
542    3 FRITZ SCHWEINGRUBER -                                                    RES
SWED0116349990  09990  09990  09990  0 917  11092  1 768  11478  11463  11192  2  RES
SWED011640 707  2 789  21210  2 884  2 728  21202  21213  21271  2 713  2 998  2  RES
SWED0116501035  2 886  2 345  2 826  21521  2 918  21305  21028  21088  21206  2  RES
SWED011660 861  2 836  21082  2 959  21113  2 933  21092  21195  2 803  2 918  2  RES
SWED011670 839  2 815  2 944  2 957  2 939  3 895  31022  31034  31054  3 619  3  RES
SWED011680 934  31082  31081  31066  31250  31045  31078  3 945  31108  3 815  3  RES
SWED0116901413  31320  31115  3 840  3 770  3 756  31367  3 933  3 961  31137  3  RES
SWED011700 966  31118  3 900  3 648  3 835  3 906  31040  3 845  31322  3 906  3  RES
SWED0117101156  3 784  31177  3 610  3 801  3 965  31212  31002  31057  3 970  3  RES
SWED0117201186  3 766  3 902  31045  3 731  3 939  3 953  3 813  41015  4 886  4  RES
SWED011730 705  4 731  41053  4 811  4 922  41017  4 952  4 991  41374  41120  4  RES
SWED0117401117  5 682  6 963  61169  6 944  71170  7 858  71004  81110  8 907  9  RES
SWED0117501055  91110  91235  9 920 10 999 101280 10 950 101364 10 960 101236 10  RES
SWED0117601373 101136 101136 111095 11 826 11 983 111316 11 743 11 828 11 744 11  RES
SWED011770 952 111184 111048 111121 11 979 111034 111207 11 984 111161 11 726 11  RES
SWED0117801013 11 998 11 924 11 837 11 917 111226 11 821 11 824 111176 11 863 11  RES
SWED011790 445 11 806 11 911 111107 11 785 11 956 11 908 11 899 111061 111048 11  RES
SWED011800 710 111184 11 810 11 788 111068 11 894 11 675 111111 111080 11 961 12  RES
SWED011810 852 121068 12 632 121109 121050 121022 121405 12 955 121192 121548 12  RES
SWED011820 812 12 259 12 814 121199 121286 12 902 121383 121106 121479 121203 12  RES
SWED011830 943 121467 12 696 121017 12 865 12 887 12 909 12 657 121064 13 711 14  RES
SWED0118401025 141053 141177 161073 17 793 16 998 161152 161254 16 811 17 874 17  RES
SWED011850 898 18 950 181391 19 947 211150 22 865 22 724 23 813 231100 24 884 23  RES
SWED0118601254 231107 23 894 241169 241010 24 981 241078 25 883 251069 25 917 25  RES
SWED0118701076 25 880 251303 251130 25 706 251088 251011 251054 25 997 251009 25  RES
SWED011880 705 25 930 251084 251129 25 965 25 902 251073 25 706 251066 251175 25  RES
SWED0118901026 251053 25 788 251045 25 873 25 816 251020 25 899 251148 251234 25  RES
SWED011900 923 251310 25 393 25 954 25 923 251283 25 960 25 971 251013 25 936 25  RES
SWED011910 804 251008 251295 251124 251259 25 836 251320 25 823 251022 251160 25  RES
SWED011920 798 25 630 251042 25 843 251183 25 896 25 889 251026 25 516 251185 25  RES
SWED0119301243 25 686 251202 251042 251063 25 953 251509 251141 251160 241088 24  RES
SWED0119401229 241235 24 676 24 847 24 823 24 964 24 852 241119 24 523 24 940 24  RES
SWED0119501001 24 655 24 951 241256 24 942 24 874 24 805 24 761 24 976 24 889 24  RES
SWED0119601088 24 728 24 989 241061 24 901 241044 241298 24 966 241048 241309 24  RES
SWED0119701104 24 889 241234 241008 241044 24 554 241226 241002 241203 239990  0  RES
