  -8.4850872e+00  -8.0505995e+00
  -8.4983957e+00  -8.3078767e+00
  -8.4948987e+00  -8.3620040e+00
  -8.4746537e+00  -6.1090479e+00
  -8.4382313e+00  -7.1593626e+00
  -8.3862724e+00  -6.8774422e+00
  -8.3194475e+00  -5.6636968e+00
  -8.2384255e+00  -9.1042790e+00
  -8.1420794e+00  -6.7619141e+00
  -8.0322991e+00  -7.2302411e+00
  -7.9095520e+00  -6.1062668e+00
  -7.7724940e+00  -6.0647292e+00
  -7.6228123e+00  -8.1168214e+00
  -7.4594393e+00  -6.8740886e+00
  -7.2826220e+00  -9.5382130e+00
  -7.0925807e+00  -8.4625945e+00
  -6.8881644e+00  -4.9501375e+00
  -6.6713153e+00  -6.5393918e+00
  -6.4440343e+00  -3.9732994e+00
  -6.2067131e+00  -6.4867174e+00
  -5.9585359e+00  -7.4457906e+00
  -5.7005411e+00  -3.6992966e+00
  -5.4334533e+00  -4.9452793e+00
  -5.1594369e+00  -4.3260277e+00
  -4.8790063e+00  -3.9450255e+00
  -4.5909862e+00  -5.4703969e+00
  -4.2959223e+00  -2.5531928e+00
  -3.9974142e+00  -6.1891249e+00
  -3.6945887e+00  -2.9350782e+00
  -3.3865074e+00  -4.0861897e+00
  -3.0765808e+00  -4.1709588e+00
  -2.7636864e+00  -3.8739042e+00
  -2.4465954e+00  -3.0850985e+00
  -2.1270353e+00   7.3956399e-01
  -1.8052651e+00  -3.0117791e+00
  -1.4796968e+00  -1.3844583e+00
  -1.1517438e+00   5.5054492e-01
  -8.2317986e-01  -3.9490050e+00
  -4.9271741e-01   2.0835807e+00
  -1.6047596e-01  -1.4930724e+00
   1.7473490e-01  -1.1819947e+00
   5.1272209e-01   2.3962346e+00
   8.5188725e-01   7.5208712e-01
   1.1905046e+00   3.5749676e+00
   1.5284030e+00  -7.9082625e-01
   1.8683478e+00   1.0542646e+00
   2.2081646e+00   4.1434434e+00
   2.5473551e+00   1.9686687e-01
   2.8853522e+00   2.5215722e+00
   3.2211514e+00   1.7059571e+00
   3.5523584e+00   5.4571316e+00
   3.8800494e+00   2.9573675e+00
   4.2035866e+00   4.7105895e+00
   4.5206548e+00   5.3576411e+00
   4.8321190e+00   4.8470677e+00
   5.1372155e+00   6.5874171e+00
   5.4353336e+00   5.9491463e+00
   5.7260184e+00   1.8291497e+00
   6.0089672e+00   6.0719356e+00
   6.2826462e+00   6.1559437e+00
   6.5487121e+00   7.2238359e+00
   6.8089371e+00   7.4394332e+00
   7.0607562e+00   4.2318652e+00
   7.3061152e+00   8.3691532e+00
   7.5452423e+00   5.5161735e+00
   7.7770154e+00   6.8079944e+00
   8.0033719e+00   1.5200769e+01
   8.2230861e+00   7.3095950e+00
   8.4379580e+00   8.6041667e+00
   8.6479732e+00   7.1720551e+00
   8.8530644e+00   9.6829335e+00
   9.0531068e+00   8.0437499e+00
   9.2479194e+00   6.8243001e+00
   9.4358982e+00   1.1018539e+01
   9.6184653e+00   6.9714551e+00
   9.7938841e+00   9.4049968e+00
   9.9621098e+00   1.2245643e+01
   1.0123044e+01   7.5347418e+00
   1.0277932e+01   1.1525382e+01
   1.0426317e+01   1.0673253e+01
   1.0566448e+01   8.6752859e+00
   1.0699714e+01   1.1904941e+01
   1.0825826e+01   1.0301829e+01
   1.0943213e+01   1.0487464e+01
   1.1053448e+01   9.0912043e+00
   1.1154656e+01   1.0407020e+01
   1.1246721e+01   1.0463637e+01
   1.1331280e+01   1.1925076e+01
   1.1409631e+01   1.1952582e+01
   1.1480064e+01   1.0712467e+01
   1.1542670e+01   1.0068139e+01
   1.1597569e+01   1.4040516e+01
   1.1643529e+01   1.0860035e+01
   1.1680631e+01   1.4485572e+01
   1.1710269e+01   1.0637241e+01
   1.1732479e+01   1.9973703e+01
   1.1745939e+01   1.1776992e+01
   1.1752409e+01   1.1307437e+01
   1.1750538e+01   1.4432284e+01
   1.1742070e+01   9.3427158e+00
   1.1727028e+01   1.3405318e+01
   1.1705488e+01   1.3646914e+01
   1.1676204e+01   1.0550258e+01
   1.1641055e+01   1.1834269e+01
   1.1600216e+01   9.2677147e+00
   1.1552165e+01   1.2366383e+01
   1.1498503e+01   1.1574317e+01
   1.1439511e+01   1.0313258e+01
   1.1375522e+01   1.3913767e+01
   1.1306916e+01   1.2108821e+01
   1.1234111e+01   1.0631805e+01
   1.1157560e+01   1.0492067e+01
   1.1074594e+01   8.1550429e+00
   1.0988682e+01   1.2900537e+01
   1.0900152e+01   8.2568005e+00
   1.0809332e+01   1.1557537e+01
   1.0716538e+01   9.5372303e+00
   1.0622067e+01   1.0712107e+01
   1.0524422e+01   1.2373753e+01
   1.0425132e+01   9.5185123e+00
   1.0324313e+01   1.0239898e+01
   1.0222043e+01   1.1946090e+01
   1.0118364e+01   1.0566663e+01
   1.0013295e+01   9.3044110e+00
   9.9068359e+00   8.6848687e+00
   9.7989803e+00   8.4556562e+00
   9.6897286e+00   1.0905723e+01
   9.5790991e+00   9.6393949e+00
   9.4689120e+00   9.0934509e+00
   9.3579761e+00   9.0601521e+00
   9.2465378e+00   1.0205885e+01
   9.1349149e+00   9.4212930e+00
   9.0252724e+00   6.5727356e+00
   8.9167987e+00   8.9112977e+00
   8.8119135e+00   6.7475969e+00
   8.7100639e+00   9.9347308e+00
   8.6152969e+00   9.3635423e+00
   8.5256081e+00   9.2488076e+00
   8.4439584e+00   1.0526856e+01
   8.3720546e+00   6.4369249e+00
   8.3099393e+00   6.3284736e+00
   8.2608002e+00   9.9423249e+00
   8.2247418e+00   7.4396879e+00
   8.2049629e+00   7.7779409e+00
   8.2028970e+00   6.6233305e+00
   8.2199480e+00   6.9732224e+00
   8.2560818e+00   8.0663285e+00
   8.3124588e+00   9.1599336e+00
   8.3900276e+00   8.1579953e+00
   8.4894944e+00   6.9342275e+00
   8.6112949e+00   8.6830420e+00
   8.7573426e+00   1.1129175e+01
   8.9261870e+00   1.4897248e+01
   9.1174405e+00   1.2173789e+01
   9.3304004e+00   6.7041583e+00
   9.5640511e+00   9.4323778e+00
   9.8184462e+00   1.1137068e+01
   1.0090286e+01   9.8734086e+00
   1.0377768e+01   1.2729449e+01
   1.0678845e+01   8.8682222e+00
   1.0989492e+01   1.9592688e+01
   1.1308575e+01   1.2607261e+01
   1.1633457e+01   1.0549462e+01
   1.1962795e+01   1.4361378e+01
   1.2292153e+01   1.2862286e+01
   1.2618878e+01   1.3980651e+01
   1.2940379e+01   1.4113937e+01
   1.3252408e+01   1.3816186e+01
   1.3553926e+01   1.4465609e+01
   1.3844077e+01   1.1496827e+01
   1.4119164e+01   1.4407331e+01
   1.4377492e+01   2.1693661e+01
   1.4615857e+01   2.2774725e+01
   1.4834382e+01   1.5720782e+01
   1.5032089e+01   1.3973899e+01
   1.5208279e+01   2.4264420e+01
   1.5360754e+01   1.6623952e+01
   1.5490639e+01   1.2801082e+01
   1.5596158e+01   1.7318184e+01
   1.5677445e+01   1.3589924e+01
   1.5736523e+01   1.6943414e+01
   1.5772068e+01   1.6669141e+01
   1.5785976e+01   1.4161890e+01
   1.5775768e+01   1.7250881e+01
   1.5743425e+01   1.3475558e+01
   1.5689563e+01   1.7041187e+01
   1.5614784e+01   1.5858881e+01
   1.5519666e+01   2.1969029e+01
   1.5406515e+01   1.7088348e+01
   1.5272769e+01   1.3203004e+01
   1.5120649e+01   1.6534241e+01
   1.4952338e+01   1.4381844e+01
   1.4765155e+01   1.4961751e+01
   1.4562599e+01   1.6033297e+01
   1.4343717e+01   1.2263605e+01
   1.4108930e+01   1.5393238e+01
   1.3858664e+01   1.3006297e+01
   1.3595142e+01   1.2626333e+01
   1.3318934e+01   1.3662776e+01
   1.3030743e+01   1.3356884e+01
   1.2729640e+01   1.4089746e+01
   1.2417891e+01   1.1202195e+01
   1.2095144e+01   1.2799408e+01
   1.1764242e+01   1.4061230e+01
   1.1426386e+01   9.7668752e+00
   1.1081128e+01   1.0677308e+01
   1.0731172e+01   1.0948576e+01
   1.0377924e+01   7.7221305e+00
   1.0022834e+01   8.5292374e+00
   9.6656065e+00   9.4522795e+00
   9.3089965e+00   1.0763297e+01
   8.9539494e+00   1.1471610e+01
   8.6013357e+00   7.7077551e+00
   8.2523158e+00   1.1333463e+01
   7.9096984e+00   8.0431298e+00
   7.5748776e+00   7.1615086e+00
   7.2474436e+00   8.1833808e+00
   6.9282493e+00   4.8111230e+00
   6.6194162e+00   8.0743318e+00
   6.3199037e+00   4.0559164e+00
   6.0303465e+00   4.7627501e+00
   5.7512966e+00   8.2890982e+00
   5.4832388e+00   3.6050553e+00
   5.2297502e+00   7.3172457e+00
   4.9882502e+00   4.0977750e+00
   4.7592747e+00   5.8154931e+00
   4.5433383e+00   4.7891214e+00
   4.3423104e+00   3.8520102e+00
   4.1532019e+00   6.1431073e+00
   3.9791792e+00   1.9973876e+00
   3.8171308e+00   3.2793270e+00
   3.6686742e+00   2.5760032e+00
   3.5353005e+00   7.7629179e-01
   3.4135207e+00   3.4229294e+00
   3.3058706e+00   4.2988866e+00
   3.2116233e+00   4.7053619e+00
   3.1285414e+00   3.2153705e+00
   3.0573044e+00   2.4210249e-01
   2.9953093e+00   5.6314546e+00
   2.9415147e+00   2.6463290e+00
   2.8960716e+00   9.8215078e-01
   2.8559220e+00   1.5691180e+00
   2.8196686e+00   3.6780791e+00
   2.7854547e+00   2.8545121e+00
   2.7514036e+00   2.2154803e+00
   2.7160586e+00   2.3466561e+00
   2.6794110e+00   4.3262121e+00
   2.6385120e+00   7.5564837e-01
   2.5923409e+00   4.9114783e+00
   2.5400711e+00   2.3697638e+00
   2.4810981e+00   1.3659070e+00
   2.4164296e+00   1.2888944e+00
   2.3442538e+00   1.4315830e+00
   2.2665321e+00   3.9761391e+00
   2.1823910e+00   4.2271624e-01
   2.0925411e+00   3.4168206e+00
   1.9992494e+00   2.5660714e+00
   1.9018675e+00   1.4643830e+00
   1.8033920e+00   2.3652889e+00
   1.7038309e+00   7.3901537e-01
   1.6059790e+00   3.3896225e+00
   1.5095701e+00   1.4489994e+00
   1.4192125e+00   1.4968317e+00
   1.3333250e+00   8.4219994e-01
   1.2533746e+00   1.7990633e+00
   1.1793366e+00  -2.7393507e-01
   1.1127428e+00   8.1674238e+00
   1.0562793e+00  -2.0717441e+00
   1.0107196e+00   3.8542038e+00
   9.7668342e-01   1.3121476e+00
   9.5462536e-01   2.2174140e+00
   9.4482617e-01   1.3307243e+00
   9.4738631e-01  -1.2023681e+00
   9.6222242e-01   3.1310500e+00
   9.8769388e-01   5.2224755e-01
   1.0250447e+00   5.6544309e-01
   1.0735856e+00   1.6355028e+00
   1.1324759e+00   8.0051592e-02
   1.2025084e+00   3.2490867e+00
   1.2826772e+00   1.4398308e-01
   1.3701994e+00   7.2373284e-01
   1.4671367e+00   4.0503451e+00
   1.5693893e+00  -1.1805331e+00
   1.6759891e+00   3.2010040e+00
   1.7891304e+00   9.9006414e-01
   1.9049360e+00   1.3917968e+00
   2.0245179e+00   1.7878743e+00
   2.1460317e+00   2.9998054e+00
   2.2691313e+00   1.9476105e+00
   2.3936059e+00   1.4473180e+00
   2.5193809e+00   1.4429613e+00
   2.6465110e+00   3.1614613e+00
   2.7751655e+00   1.1343176e+00
   2.9073777e+00   3.3667999e+00
   3.0435663e+00   4.2935107e+00
   3.1825029e+00   3.0807896e+00
   3.3247293e+00   4.4105980e+00
   3.4707496e+00   1.1979716e+00
   3.6209961e+00   6.5201001e+00
   3.7722536e+00   2.1759012e+00
   3.9272788e+00   4.4215597e+00
   4.0858993e+00   4.0318017e+00
   4.2477436e+00   4.6134837e+00
   4.4122338e+00   7.4415169e+00
   4.5772149e+00   4.4710571e+00
   4.7434049e+00   5.3214356e+00
   4.9095908e+00   7.0728650e+00
   5.0744286e+00   4.9786522e+00
   5.2347060e+00   1.5060861e+01
   5.3888340e+00   5.7059953e+00
   5.5368906e+00   3.9362087e+00
   5.6772155e+00   6.9121122e+00
   5.8082272e+00   5.3256208e+00
   5.9270945e+00   6.2166510e+00
   6.0342160e+00   6.6700066e+00
   6.1266592e+00   7.3529311e+00
   6.2047857e+00   6.5774684e+00
   6.2678321e+00   5.3665568e+00
   6.3152962e+00   8.0374440e+00
   6.3469423e+00   7.2912306e+00
   6.3627983e+00   5.0241111e+00
   6.3631455e+00   7.0001918e+00
   6.3467304e+00   5.7868594e+00
   6.3155656e+00   6.2159374e+00
   6.2704639e+00   4.7998871e+00
   6.2123805e+00   5.9440811e+00
   6.1423813e+00   4.9183848e+00
   6.0616114e+00   4.5413405e+00
   5.9712642e+00   8.0196808e+00
   5.8711811e+00   4.1470679e+00
   5.7624933e+00   7.1042555e+00
   5.6476005e+00   5.6697664e+00
   5.5261125e+00   4.0497259e+00
   5.4006468e+00   7.4423503e+00
   5.2719957e+00   6.1938141e+00
   5.1395184e+00   4.1732110e+00
   5.0038061e+00   5.2972542e+00
   4.8653093e+00   2.0796685e+00
   4.7261110e+00   7.5116996e+00
   4.5864799e+00   4.3071962e+00
   4.4466463e+00   5.2009673e+00
   4.3068087e+00   5.4945863e+00
   4.1671403e+00   1.1255696e+00
   4.0260252e+00   4.6730822e+00
   3.8835159e+00   1.3031951e+00
   3.7413411e+00   3.8243428e+00
   3.5976882e+00   5.7483126e+00
   3.4538055e+00   3.3096134e+00
   3.3095673e+00   2.6175692e+00
   3.1630807e+00   1.6722505e+00
   3.0182600e+00   1.6214975e+00
   2.8697442e+00   5.2194151e+00
   2.7187479e+00   2.5194672e-03
   2.5633162e+00   3.1004080e+00
   2.4045301e+00   6.5102422e-01
   2.2420788e+00   8.3816894e-01
   2.0756443e+00   1.1325078e+00
   1.9049153e+00  -9.1142325e-01
   1.7313736e+00   3.8700524e+00
   1.5548605e+00   9.0617099e-01
   1.3735946e+00   2.4001556e+00
   1.1894130e+00   2.2566221e+00
   1.0011952e+00  -6.2998482e-01
   8.0931861e-01   3.7582142e+00
   6.1430076e-01  -7.7487949e-01
   4.1858126e-01   2.1478195e+00
   2.2307612e-01   1.6066711e-01
   2.8948928e-02  -2.2093356e+00
  -1.6376939e-01   1.4064225e+00
  -3.5175606e-01  -2.0273637e+00
  -5.3461608e-01   4.1644874e-01
  -7.0693030e-01   1.4141140e+00
  -8.6931475e-01  -1.0926817e+00
  -1.0164428e+00  -1.3987860e+00
  -1.1491050e+00  -4.9842496e-01
  -1.2650012e+00  -2.2374280e+00
  -1.3619429e+00   1.5849445e-01
  -1.4379126e+00  -2.0713067e+00
  -1.4911213e+00  -2.2506109e+00
  -1.5200639e+00  -3.6105565e+00
  -1.5235680e+00   6.8678278e+00
  -1.4994630e+00  -1.4294496e-02
  -1.4472801e+00  -1.2391522e+00
  -1.3682728e+00  -6.5744061e-02
  -1.2627591e+00  -4.9780843e-01
  -1.1314908e+00  -1.7694291e+00
  -9.7563874e-01   1.3159268e+00
  -7.9716477e-01  -1.9138926e-01
  -5.9840052e-01  -3.3716418e-01
  -3.8161614e-01  -8.8079703e-01
  -1.4936491e-01   8.3712822e-01
   9.5577480e-02   2.3674134e+00
   3.4850622e-01  -2.9895550e-01
   6.0767863e-01   1.6244120e+00
   8.6954378e-01   8.2453125e+00
   1.1305665e+00  -1.1697781e+00
   1.3859039e+00   1.5475440e+00
   1.6352630e+00   2.1938087e+00
   1.8723048e+00   4.7075083e+00
   2.0957137e+00   2.4559116e+00
   2.3044018e+00   3.6274412e+00
   2.4944790e+00   4.2109522e+00
   2.6637074e+00   2.4212262e+00
   2.8101392e+00   4.6725478e+00
   2.9338926e+00   5.0392885e-01
   3.0323281e+00   2.2357399e+00
   3.1066534e+00   2.1282211e+00
   3.1553340e+00   3.7208023e-01
   3.1785346e+00   6.1571764e+00
   3.1753708e+00   2.6338193e+00
   3.1483423e+00   1.9049828e+00
   3.0984965e+00   3.3443090e+00
   3.0258108e+00   1.0046557e+01
   2.9336086e+00   3.4828940e+00
   2.8237064e+00   3.7391284e+00
   2.6981509e+00   1.0780204e+00
   2.5595778e+00   3.9329948e+00
   2.4125531e+00   2.0960687e+00
   2.2551710e+00   2.0061697e+00
   2.0931006e+00   1.3581309e+00
   1.9257495e+00   1.0213720e+00
   1.7568406e+00   1.2981671e+00
   1.5853970e+00   1.9605997e+00
   1.4163201e+00   6.7595849e-01
   1.2510728e+00   1.5381832e+00
   1.0907763e+00   2.8466864e+00
   9.3577264e-01   8.3218384e+00
   7.8775362e-01  -1.6820505e+00
   6.4490792e-01   3.3941266e+00
   5.0811798e-01  -1.6460546e+00
   3.7653606e-01   1.0506068e+00
   2.4898781e-01  -4.0427376e-01
   1.2224590e-01  -2.9864752e+00
  -5.4604927e-03   1.2458459e+00
  -1.3437648e-01   6.6170436e-01
  -2.6659511e-01   1.3044344e+00
  -4.0420310e-01  -2.2741183e-01
  -5.4919631e-01  -2.2663437e+00
  -7.0202372e-01   2.2518912e+00
  -8.6594838e-01  -1.8928080e+00
  -1.0421535e+00  -1.1186414e+00
  -1.2332275e+00   5.0477677e-01
  -1.4382965e+00  -1.5833101e+00
  -1.6542912e+00  -1.8324775e+00
  -1.8838271e+00  -3.8331300e+00
  -2.1245752e+00  -2.0499976e+00
  -2.3750982e+00  -1.4910726e+00
  -2.6335161e+00  -2.7062806e+00
  -2.8993296e+00  -2.0050763e+00
  -3.1668875e+00  -4.4402848e+00
  -3.4364912e+00  -5.3140149e+00
  -3.7034352e+00  -3.2983177e+00
  -3.9660511e+00  -5.5459812e+00
  -4.2199708e+00  -5.0462484e+00
  -4.4640084e+00  -6.2813019e+00
  -4.6936297e+00  -6.0770418e+00
  -4.9076033e+00  -2.8060720e+00
  -5.1049819e+00  -4.5194110e+00
  -5.2803014e+00  -5.5918385e+00
  -5.4332579e+00  -5.2051781e+00
  -5.5607437e+00  -4.3791100e+00
  -5.6630557e+00  -4.5836143e+00
  -5.7394593e+00  -4.9952006e+00
  -5.7877871e+00  -3.3152248e+00
  -5.8092543e+00  -9.2756901e+00
  -5.8040079e+00  -6.9622450e+00
  -5.7707116e+00  -6.8171347e+00
  -5.7127261e+00  -6.0754196e+00
  -5.6288120e+00  -3.9868453e+00
  -5.5183194e+00  -6.7655605e+00
  -5.3842204e+00  -5.7522805e+00
  -5.2247217e+00  -3.2431456e+00
  -5.0429068e+00  -7.7745530e+00
  -4.8405183e+00  -3.6255709e+00
  -4.6193247e+00  -6.7132020e+00
  -4.3807146e+00  -6.2777277e+00
  -4.1260752e+00  -4.5047310e+00
  -3.8571713e+00  -4.0711910e+00
  -3.5771153e+00  -3.8424497e+00
  -3.2841530e+00  -2.6902916e+00
  -2.9826828e+00  -4.8376610e+00
  -2.6739792e+00  -8.7224256e-01
  -2.3593256e+00  -1.7541801e+00
  -2.0386319e+00   5.8443086e+00
  -1.7148665e+00  -3.6885525e+00
  -1.3892254e+00  -1.9119762e+00
  -1.0629000e+00   7.0321693e-01
  -7.3707167e-01  -3.8520039e+00
  -4.1113671e-01  -1.4221710e-01
  -8.5753782e-02  -1.0807679e+00
   2.3854804e-01  -1.7569239e+00
   5.5961745e-01   2.1929456e+00
   8.7635447e-01   7.5086086e-01
   1.1877282e+00   3.6044444e+00
   1.4917937e+00   2.8471015e-01
   1.7897355e+00   3.5077900e+00
   2.0810456e+00   1.2349845e+00
   2.3639212e+00   1.7005843e+00
   2.6397006e+00   2.0857307e+00
   2.9080333e+00   3.9141597e+00
   3.1672698e+00   4.3381661e+00
   3.4188902e+00   3.9909279e+00
   3.6612938e+00   1.7868136e+00
   3.8959962e+00   6.7131749e+00
   4.1210179e+00   3.6696041e+00
   4.3374651e+00   5.3207802e+00
   4.5437037e+00   3.8149838e+00
   4.7393876e+00   4.3020420e+00
   4.9254499e+00   5.5950228e+00
   5.0982851e+00   3.3272324e+00
   5.2603835e+00   4.7500653e+00
   5.4096977e+00   8.0726766e+00
   5.5454625e+00   2.7629540e+00
   5.6682056e+00   5.0133898e+00
   5.7739518e+00   6.2608656e+00
   5.8648770e+00   6.3234757e+00
   5.9382960e+00   8.1018989e+00
   5.9932807e+00   3.7292003e+00
   6.0306848e+00   8.5888953e+00
   6.0465731e+00   3.9594041e+00
   6.0432798e+00   6.9632314e+00
   6.0201676e+00   5.8151448e+00
   5.9736474e+00   5.8952108e+00
   5.9064585e+00   1.3184937e+01
   5.8184189e+00   6.9894872e+00
   5.7095796e+00   4.3750646e+00
   5.5788577e+00   4.3242135e+00
   5.4284779e+00   3.7313563e+00
   5.2591460e+00   7.8407363e+00
   5.0718138e+00   5.0190989e+00
   4.8662952e+00   4.1518840e+00
   4.6456893e+00   6.8833948e+00
   4.4115363e+00   3.3691159e+00
   4.1655641e+00   1.2905943e+01
   3.9096603e+00   1.5722717e+00
   3.6458395e+00   1.9255942e+00
   3.3762092e+00   4.7561547e+00
   3.1029324e+00   2.9171131e+00
   2.8281901e+00   3.9548460e+00
   2.5527696e+00   1.8204398e+00
   2.2773202e+00   6.8506409e-01
   2.0053815e+00   2.0929028e+00
   1.7402947e+00   2.0413393e+00
   1.4830896e+00   4.1568873e+00
   1.2346121e+00   1.6364773e+00
   9.9588419e-01  -5.9350914e-01
   7.6768821e-01  -4.0331691e-01
   5.5232948e-01  -1.7288832e+00
   3.4703958e-01   1.6075861e+00
   1.5324652e-01   2.3552605e-01
  -3.0994282e-02   1.3036704e+00
  -2.0655352e-01   1.5023966e-01
  -3.7281579e-01  -1.2496173e+00
  -5.3248525e-01   1.5143259e+00
  -6.8535214e-01  -2.1849508e+00
  -8.3131924e-01  -4.1624832e-01
  -9.7342578e-01   8.1678761e-01
  -1.1129798e+00  -4.3985644e+00
  -1.2499132e+00  -1.8447531e+00
  -1.3871776e+00  -1.8283946e+00
  -1.5245068e+00  -9.0645254e-01
  -1.6645901e+00  -2.2203349e+00
  -1.8064424e+00  -3.1533892e+00
  -1.9505983e+00  -1.3665974e+00
  -2.0990880e+00  -4.6849971e+00
  -2.2505964e+00  -5.1533080e-01
  -2.4066627e+00  -3.5405699e+00
  -2.5654794e+00  -4.9773317e+00
  -2.7281063e+00  -3.3233786e+00
  -2.8936563e+00  -5.2272213e+00
  -3.0597109e+00  -2.6666883e+00
  -3.2267818e+00  -4.4281933e+00
  -3.3935152e+00  -5.4591981e+00
  -3.5571237e+00  -3.8065271e+00
  -3.7178616e+00  -2.5226142e+00
  -3.8742386e+00  -4.6701134e+00
  -4.0266025e+00  -3.4561344e+00
  -4.1723525e+00  -6.7983914e+00
  -4.3104147e+00  -3.0420908e+00
  -4.4398997e+00  -5.1441735e+00
  -4.5601283e+00  -4.0885461e+00
  -4.6706492e+00  -3.8429671e+00
  -4.7712486e+00  -5.5986823e+00
  -4.8619504e+00  -4.7648396e+00
  -4.9430075e+00  -3.8114756e+00
  -5.0148839e+00  -3.6420832e+00
  -5.0782297e+00  -3.0040343e+00
  -5.1338479e+00   2.9282514e+00
  -5.1826577e+00  -2.0918686e+00
  -5.2256536e+00  -5.1328850e+00
  -5.2638637e+00  -3.3369525e+00
  -5.2969358e+00  -3.8236069e+00
  -5.3257662e+00  -6.6858387e+00
  -5.3524654e+00  -5.5110608e+00
  -5.3762882e+00  -7.4026994e+00
  -5.3976509e+00  -5.1143121e+00
  -5.4198885e+00  -5.9713540e+00
  -5.4417550e+00  -6.1950265e+00
  -5.4646097e+00  -4.4673127e+00
  -5.4852416e+00  -4.9072482e+00
  -5.5051478e+00  -3.7524651e+00
  -5.5225876e+00  -3.1619794e+00
  -5.5374449e+00   6.5084181e-01
  -5.5508715e+00  -2.6361345e+00
  -5.5626608e+00  -6.9522572e+00
  -5.5726613e+00  -6.6439735e+00
  -5.5804161e+00  -2.9384120e+00
  -5.5855812e+00  -4.8392784e+00
  -5.5879416e+00  -6.4060456e+00
  -5.5874211e+00  -6.7265539e+00
  -5.5823135e+00  -5.4022880e+00
  -5.5741047e+00  -5.7091381e+00
  -5.5612512e+00  -7.0061811e+00
  -5.5467359e+00  -3.6496113e+00
  -5.5291689e+00  -7.4540629e+00
  -5.5107343e+00  -3.7888030e+00
  -5.4905702e+00  -3.4607707e+00
  -5.4691838e+00  -5.0343050e+00
  -5.4488284e+00  -3.1863669e+00
  -5.4286593e+00  -4.9798575e+00
  -5.4091574e+00  -7.0677367e+00
  -5.3925159e+00  -4.1608452e+00
  -5.3778104e+00  -5.4919331e+00
  -5.3654358e+00   5.1661015e+00
  -5.3575081e+00  -7.3317102e+00
  -5.3530469e+00  -5.5915489e+00
  -5.3524231e+00  -6.3348955e+00
  -5.3546227e+00  -5.1484646e+00
  -5.3616948e+00  -4.7038549e+00
  -5.3739328e+00  -4.2471083e+00
  -5.3934205e+00  -5.5497556e+00
  -5.4192046e+00  -6.4824406e+00
  -5.4499551e+00  -5.9319933e+00
  -5.4874021e+00  -5.0015902e+00
  -5.5318784e+00  -5.8059190e+00
  -5.5818980e+00  -4.1723901e+00
  -5.6389538e+00  -3.3984451e+00
  -5.7012807e+00  -5.6316679e+00
  -5.7700266e+00  -5.5268168e+00
  -5.8430202e+00  -5.5741375e+00
  -5.9209516e+00  -5.8486147e+00
  -6.0029257e+00  -5.7762338e+00
  -6.0842923e+00  -5.9255654e+00
  -6.1676801e+00  -4.0850614e+00
  -6.2497019e+00  -8.1359134e+00
  -6.3267878e+00  -7.9679217e+00
  -6.3978840e+00  -4.3821971e+00
  -6.4590807e+00  -5.6065014e+00
  -6.5098710e+00  -3.8848492e+00
  -6.5462239e+00  -5.5903892e+00
  -6.5672502e+00  -7.6337479e+00
  -6.5708329e+00  -5.6148326e+00
  -6.5532960e+00  -9.5502300e+00
  -6.5142906e+00  -4.1119816e+00
  -6.4524114e+00  -5.2461905e+00
  -6.3634700e+00  -7.0264469e+00
  -6.2497942e+00  -5.3853790e+00
  -6.1109879e+00  -7.4737076e+00
  -5.9453148e+00  -3.2596133e+00
  -5.7545219e+00  -5.3992603e+00
  -5.5393876e+00  -5.7402412e+00
  -5.3024449e+00  -4.0957164e+00
  -5.0417390e+00  -5.3480976e+00
  -4.7618096e+00  -5.2507807e+00
  -4.4612251e+00  -4.8530624e+00
  -4.1435564e+00  -5.2655607e+00
  -3.8079721e+00  -1.9324317e+00
  -3.4598252e+00  -4.0775056e+00
  -3.1013426e+00  -3.6906172e+00
  -2.7315809e+00  -4.9298988e+00
  -2.3556499e+00  -2.9267991e+00
  -1.9754161e+00  -6.6567167e-01
  -1.5894760e+00  -4.1270265e+00
  -1.2024005e+00   1.4666486e+00
  -8.1546009e-01  -4.6794323e-01
  -4.3016575e-01  -2.6695496e-03
  -4.6116028e-02   4.7412481e-02
   3.3632461e-01   7.3493236e-01
   7.1699821e-01   5.9503923e-01
   1.0941760e+00   1.6498742e+00
   1.4676023e+00   2.1752957e+00
   1.8384702e+00   2.0170211e+00
   2.2049579e+00   7.7256106e+00
   2.5656552e+00   2.8134917e+00
   2.9222086e+00   1.0451036e+00
   3.2744766e+00   5.0242264e+00
   3.6209103e+00   4.4555401e+00
   3.9629787e+00   2.4750040e+00
   4.2989598e+00   5.8293121e+00
   4.6301437e+00   5.6240212e+00
   4.9546313e+00   4.4240173e+00
   5.2735438e+00   5.5600823e+00
   5.5862000e+00   5.7962763e+00
   5.8891466e+00   6.3789555e+00
   6.1850428e+00   7.1421548e+00
   6.4730202e+00   6.3124035e+00
   6.7508622e+00   6.8446044e+00
   7.0180804e+00   6.7689264e+00
   7.2755394e+00   1.0108340e+01
   7.5224152e+00   6.9577054e+00
   7.7566028e+00   8.6784054e+00
   7.9791652e+00   7.3164248e+00
   8.1895161e+00   5.4913189e+00
   8.3858256e+00   1.0336053e+01
   8.5694629e+00   8.3542054e+00
   8.7419461e+00   7.0253109e+00
   8.9005165e+00   9.7535122e+00
   9.0470127e+00   8.1023862e+00
   9.1816671e+00   1.1903608e+01
   9.3034943e+00   7.9308658e+00
   9.4147154e+00   8.0794707e+00
   9.5159171e+00   9.3292901e+00
   9.6078017e+00   8.5844380e+00
   9.6897918e+00   1.1085998e+01
   9.7662149e+00   1.0070129e+01
   9.8352569e+00   8.9129267e+00
   9.8995844e+00   1.1078286e+01
   9.9587475e+00   7.8738315e+00
   1.0015364e+01   9.8835257e+00
   1.0068497e+01   1.1154368e+01
   1.0118852e+01   1.0754288e+01
   1.0168756e+01   1.1667362e+01
   1.0218683e+01   7.4581459e+00
   1.0267640e+01   9.7190043e+00
   1.0317591e+01   1.0320979e+01
   1.0368623e+01   9.8846863e+00
   1.0422091e+01   1.2318913e+01
   1.0473030e+01   1.0843454e+01
   1.0522876e+01   1.1922082e+01
   1.0571506e+01   1.9166068e+01
   1.0620010e+01   1.0648699e+01
   1.0667651e+01   1.2744134e+01
   1.0713657e+01   1.0398912e+01
   1.0755467e+01   1.2639247e+01
   1.0793579e+01   9.3318515e+00
   1.0827126e+01   1.2256455e+01
   1.0853509e+01   1.0540994e+01
   1.0873236e+01   9.4401017e+00
   1.0885505e+01   1.1501334e+01
   1.0889599e+01   1.0790977e+01
   1.0884902e+01   1.1781977e+01
   1.0870914e+01   1.0806126e+01
   1.0847262e+01   1.0356698e+01
   1.0813715e+01   1.2278626e+01
   1.0770186e+01   8.5010362e+00
   1.0714964e+01   1.1952357e+01
   1.0649543e+01   1.0473210e+01
   1.0574171e+01   1.0979765e+01
   1.0489227e+01   2.1613895e+01
   1.0395205e+01   8.7671735e+00
   1.0292709e+01   1.1272014e+01
   1.0182437e+01   9.1817166e+00
   1.0065172e+01   7.2404454e+00
   9.9417681e+00   1.0797988e+01
   9.8149038e+00   8.4594672e+00
   9.6842480e+00   1.1426019e+01
   9.5495094e+00   1.0772658e+01
   9.4134886e+00   6.6926573e+00
   9.2772384e+00   8.9900695e+00
   9.1418204e+00   6.9095229e+00
   9.0082885e+00   1.0577516e+01
   8.8776732e+00   7.7824290e+00
   8.7527384e+00   9.2486272e+00
   8.6331420e+00   7.9900559e+00
   8.5198613e+00   6.9427116e+00
   8.4124336e+00   6.4499251e+00
   8.3116103e+00   7.5496686e+00
   8.2193435e+00   6.0270507e+00
   8.1361053e+00   8.7482721e+00
   8.0622494e+00   6.8398076e+00
   8.0011447e+00   9.8472613e+00
   7.9499053e+00   7.4758120e+00
   7.9086491e+00   7.4747434e+00
   7.8791250e+00   7.5985996e+00
   7.8598914e+00   5.2571970e+00
   7.8507618e+00   8.4309958e+00
   7.8532135e+00   1.0278029e+01
   7.8655758e+00   6.5661470e+00
   7.8906282e+00   8.8418458e+00
   7.9249805e+00   6.1633837e+00
   7.9701254e+00   6.1916379e+00
   8.0244855e+00   7.7168865e+00
   8.0878681e+00   7.4736594e+00
   8.1601036e+00   1.0077857e+01
   8.2424249e+00   5.6460775e+00
   8.3348030e+00   8.4464024e+00
   8.4359433e+00   9.3402059e+00
   8.5473178e+00   7.9416422e+00
   8.6673402e+00   1.1018274e+01
   8.7961720e+00   7.8124607e+00
   8.9339298e+00   7.7671947e+00
   9.0806610e+00   8.0846059e+00
   9.2363203e+00   6.1652958e+00
   9.4007449e+00   9.0207691e+00
   9.5754059e+00   9.1019021e+00
   9.7585672e+00   9.9272184e+00
   9.9510871e+00   1.0693447e+01
   1.0150602e+01   1.0977822e+01
   1.0356354e+01   1.3159815e+01
   1.0567429e+01   9.4211605e+00
   1.0782779e+01   1.1906918e+01
   1.1001238e+01   1.2123713e+01
   1.1221560e+01   9.6405940e+00
   1.1442441e+01   1.1628422e+01
   1.1660788e+01   9.1045455e+00
   1.1875201e+01   9.9107794e+00
   1.2086001e+01   1.1185891e+01
   1.2290037e+01   1.0771586e+01
   1.2487305e+01   1.5107192e+01
   1.2676527e+01   1.3307869e+01
   1.2854764e+01   1.3991078e+01
   1.3022252e+01   1.3785288e+01
   1.3177969e+01   1.2656738e+01
   1.3317863e+01   1.4601989e+01
   1.3444119e+01   1.0924018e+01
   1.3555897e+01   1.2182939e+01
   1.3652471e+01   1.3671507e+01
   1.3732840e+01   1.0626591e+01
   1.3796108e+01   1.3512192e+01
   1.3841879e+01   1.2976323e+01
   1.3869870e+01   1.5664458e+01
   1.3878541e+01   1.6178200e+01
   1.3869555e+01   1.3015983e+01
   1.3842965e+01   1.3222121e+01
   1.3797621e+01   1.2610390e+01
   1.3735625e+01   1.2684858e+01
   1.3657507e+01   2.3173405e+01
   1.3562632e+01   1.1928045e+01
   1.3455405e+01   1.5224807e+01
   1.3334240e+01   1.1973173e+01
   1.3202198e+01   1.3414311e+01
   1.3059392e+01   1.5098444e+01
   1.2909170e+01   1.0918479e+01
   1.2753258e+01   1.3683719e+01
   1.2593493e+01   1.1370470e+01
   1.2431777e+01   1.3413076e+01
   1.2268660e+01   1.3422252e+01
   1.2107737e+01   1.0494495e+01
   1.1952546e+01   1.1603477e+01
   1.1803473e+01   9.6842734e+00
   1.1662153e+01   1.0710506e+01
   1.1530065e+01   1.3543346e+01
   1.1408495e+01   1.0393738e+01
   1.1298520e+01   1.0822858e+01
   1.1200990e+01   1.0873747e+01
   1.1115142e+01   1.7798723e+01
   1.1043039e+01   1.3229586e+01
   1.0984747e+01   9.1190784e+00
   1.0940116e+01   1.1477603e+01
   1.0908792e+01   9.2037045e+00
   1.0890236e+01   1.0961630e+01
   1.0885514e+01   1.0720881e+01
   1.0892503e+01   8.6534446e+00
   1.0910349e+01   1.4018447e+01
   1.0938125e+01   1.0708135e+01
   1.0976233e+01   1.2202283e+01
   1.1021982e+01   1.3465868e+01
   1.1074443e+01   9.2166796e+00
   1.1134067e+01   1.2610838e+01
   1.1198268e+01   1.0844817e+01
   1.1266260e+01   1.0769074e+01
   1.1338668e+01   1.2479354e+01
   1.1413106e+01   1.1472883e+01
   1.1488998e+01   1.4073024e+01
   1.1567189e+01   9.8840789e+00
   1.1645505e+01   9.5362747e+00
   1.1723577e+01   1.2248346e+01
   1.1801065e+01   1.1945703e+01
   1.1879029e+01   1.3691996e+01
   1.1953719e+01   1.2987968e+01
   1.2026211e+01   1.2762030e+01
   1.2096200e+01   1.3674851e+01
   1.2163371e+01   1.1433318e+01
   1.2225624e+01   1.2018710e+01
   1.2283899e+01   1.3457443e+01
   1.2337744e+01   1.0768695e+01
   1.2386691e+01   1.1208318e+01
   1.2430263e+01   1.2490660e+01
   1.2467986e+01   1.1337055e+01
   1.2498026e+01   1.1017484e+01
   1.2523416e+01   1.4190901e+01
   1.2542419e+01   1.1551142e+01
   1.2554758e+01   1.2639983e+01
   1.2560252e+01   1.3001045e+01
   1.2560604e+01   1.3824532e+01
   1.2554589e+01   1.1990180e+01
   1.2542495e+01   1.2830353e+01
   1.2524761e+01   1.1623327e+01
   1.2501972e+01   1.2266372e+01
   1.2473479e+01   1.1839381e+01
   1.2441829e+01   1.2465843e+01
   1.2409692e+01   1.1917910e+01
   1.2376785e+01   1.1957624e+01
   1.2344282e+01   1.5414210e+01
   1.2313409e+01   1.3071703e+01
   1.2285404e+01   1.4045419e+01
   1.2261482e+01   1.2583920e+01
   1.2242795e+01   1.0709486e+01
   1.2230394e+01   1.4856552e+01
   1.2225193e+01   1.2867018e+01
   1.2229715e+01   1.1678760e+01
   1.2243236e+01   1.3817071e+01
   1.2264841e+01   1.1156022e+01
   1.2296477e+01   1.2719196e+01
   1.2338124e+01   1.1522034e+01
   1.2389571e+01   1.1959405e+01
   1.2450429e+01   1.1237026e+01
   1.2520145e+01   1.3135547e+01
   1.2598020e+01   1.3766391e+01
   1.2683236e+01   1.0753378e+01
   1.2774886e+01   1.0774911e+01
   1.2871993e+01   1.5358301e+01
   1.2973544e+01   1.1461905e+01
   1.3076740e+01   1.2493605e+01
   1.3181842e+01   1.1224088e+01
   1.3287756e+01   1.1306249e+01
   1.3393414e+01   1.5432295e+01
   1.3496023e+01   1.2921900e+01
   1.3595893e+01   1.5573437e+01
   1.3692011e+01   1.3052304e+01
   1.3784788e+01   1.2029458e+01
   1.3869857e+01   2.2722675e+01
   1.3947726e+01   1.3234360e+01
   1.4017575e+01   1.3503478e+01
   1.4078236e+01   1.3967310e+01
   1.4126819e+01   1.5620166e+01
   1.4163931e+01   1.3525215e+01
   1.4187080e+01   1.5005331e+01
   1.4196887e+01   1.6080631e+01
   1.4190892e+01   1.4404835e+01
   1.4167996e+01   1.3672835e+01
   1.4127494e+01   1.5941801e+01
   1.4068688e+01   1.2783807e+01
   1.3990513e+01   1.4463894e+01
   1.3893707e+01   1.2798943e+01
   1.3774614e+01   1.2991652e+01
   1.3635841e+01   1.3701511e+01
   1.3475232e+01   1.0341412e+01
   1.3293857e+01   1.2606735e+01
   1.3091580e+01   2.1909417e+01
   1.2866677e+01   1.2971911e+01
   1.2620670e+01   1.1631180e+01
   1.2352530e+01   1.2117030e+01
   1.2062720e+01   1.3395389e+01
   1.1753212e+01   9.6656722e+00
   1.1424816e+01   1.0082477e+01
   1.1078562e+01   9.8479342e+00
   1.0715694e+01   9.0002992e+00
   1.0337667e+01   1.1025487e+01
   9.9461421e+00   1.0429789e+01
   9.5447378e+00   1.1076076e+01
   9.1328217e+00   8.3752441e+00
   8.7143636e+00   5.6522525e+00
   8.2917112e+00   7.9621578e+00
   7.8673294e+00   6.7667274e+00
   7.4437632e+00   7.8448143e+00
   7.0235970e+00   9.0267736e+00
   6.6094120e+00   4.3199311e+00
   6.2037413e+00   6.2644228e+00
   5.8072532e+00   6.6602755e+00
   5.4235317e+00   6.3454178e+00
   5.0545946e+00   6.9561283e+00
   4.7004569e+00   3.2993657e+00
   4.3621491e+00   5.8759836e+00
   4.0434478e+00   3.7379705e+00
   3.7415783e+00   3.3798029e+00
   3.4582246e+00   3.0479477e+00
   3.1933184e+00   3.6454025e+00
   2.9460222e+00   3.6349471e+00
   2.7151361e+00   2.6838420e+00
   2.4995142e+00   5.9135659e-01
   2.2959374e+00   1.5732497e+00
   2.1053624e+00   1.9725338e+00
   1.9241049e+00   1.8446831e+00
   1.7501040e+00   2.3051518e+00
   1.5825961e+00   1.6924246e+00
   1.4191250e+00   1.0085582e+01
   1.2560017e+00  -4.4091711e-01
   1.0928037e+00   3.8599186e+00
   9.2623222e-01  -1.5229497e+00
   7.5459761e-01   1.5722700e+00
   5.7785593e-01  -9.2507116e-02
   3.9359286e-01  -1.7661312e+00
   2.0284724e-01  -3.4658449e-01
   3.5136455e-03  -2.1673974e+00
  -2.0445001e-01   1.4186158e+00
  -4.1904987e-01   1.2525349e+00
  -6.4111855e-01  -5.5636893e-01
  -8.6992329e-01   7.1045436e-01
  -1.1045929e+00  -3.3226720e+00
  -1.3437772e+00  -3.2634132e+00
  -1.5864897e+00  -2.0354416e+00
  -1.8317673e+00  -4.7165431e+00
  -2.0800966e+00   2.4186478e-01
  -2.3276506e+00  -3.6154709e+00
  -2.5751917e+00  -2.7347979e+00
  -2.8218914e+00  -1.9384539e+00
  -3.0671073e+00  -3.1123303e+00
  -3.3103787e+00   5.0370546e+00
  -3.5514119e+00  -3.1838872e+00
  -3.7900581e+00  -3.1328980e+00
  -4.0276566e+00  -3.3701978e+00
  -4.2607909e+00  -4.4642588e+00
  -4.4891280e+00  -1.6583788e+00
  -4.7139957e+00  -7.1765186e+00
  -4.9352817e+00  -4.0722379e+00
  -5.1510049e+00  -4.8106640e+00
  -5.3621163e+00  -7.9800473e+00
  -5.5662717e+00  -5.9776847e+00
  -5.7640233e+00  -7.4666927e+00
  -5.9512391e+00  -7.2423647e+00
  -6.1297535e+00  -7.1437762e+00
  -6.2963557e+00  -8.3727175e+00
  -6.4494193e+00  -4.6478613e+00
  -6.5875702e+00  -6.5734338e+00
  -6.7107234e+00  -7.6582072e+00
  -6.8157102e+00  -4.7317581e+00
  -6.9025446e+00  -6.2533813e+00
  -6.9696553e+00  -4.1351056e+00
  -7.0143381e+00  -7.7461740e+00
  -7.0372439e+00  -7.2108846e+00
  -7.0375973e+00  -4.7697748e+00
  -7.0136283e+00  -8.6318758e+00
  -6.9688054e+00  -7.2024910e+00
  -6.9021979e+00  -9.6070212e+00
  -6.8146841e+00  -8.2247227e+00
  -6.7075623e+00  -7.9926156e+00
  -6.5825216e+00  -8.9874378e+00
  -6.4433721e+00  -5.7955123e+00
  -6.2911688e+00  -8.6947428e+00
  -6.1303608e+00  -7.4563967e+00
  -5.9611528e+00  -5.6296523e+00
  -5.7865375e+00  -7.1268548e+00
  -5.6108460e+00  -3.7784273e+00
  -5.4370014e+00  -5.1704028e+00
  -5.2664428e+00  -7.1500301e+00
  -5.1034928e+00  -6.1143596e+00
  -4.9522403e+00  -4.3606896e+00
  -4.8134323e+00  -4.2423120e+00
  -4.6892671e+00  -7.3641292e+00
  -4.5816028e+00  -4.7723443e+00
  -4.4915517e+00  -2.6834425e+00
  -4.4202675e+00  -6.6973382e+00
  -4.3685628e+00  -2.5316752e+00
  -4.3351618e+00  -3.9306251e+00
  -4.3197867e+00  -3.6918678e+00
  -4.3231832e+00  -3.5693968e+00
  -4.3427118e+00  -7.7060166e+00
  -4.3768060e+00  -4.9607820e+00
  -4.4253923e+00  -5.6872064e+00
  -4.4850864e+00  -6.0063965e+00
  -4.5554257e+00  -3.7701436e+00
  -4.6344624e+00  -6.2575730e+00
  -4.7215425e+00  -4.3509227e+00
  -4.8142711e+00  -4.5064156e+00
  -4.9089280e+00  -4.5781885e+00
  -5.0017803e+00  -5.1346549e+00
  -5.0935392e+00  -4.8378334e+00
  -5.1787419e+00  -2.5557713e+00
  -5.2581792e+00  -7.4033034e+00
  -5.3229639e+00  -4.4192078e+00
  -5.3748367e+00  -2.6749305e+00
  -5.4097251e+00  -5.6813621e+00
  -5.4267095e+00  -4.7349489e+00
  -5.4218355e+00  -7.0641799e+00
  -5.3947336e+00  -4.0566981e+00
  -5.3420476e+00  -4.2720095e+00
  -5.2636685e+00  -5.3228293e+00
  -5.1565593e+00  -2.4478197e+00
  -5.0209855e+00  -6.2221089e+00
  -4.8543348e+00  -4.4859353e+00
  -4.6573416e+00  -2.6417462e+00
  -4.4296725e+00   1.8723966e+00
  -4.1713194e+00  -3.3480136e+00
  -3.8812441e+00  -4.0071883e+00
  -3.5618302e+00  -4.2383581e+00
  -3.2140678e+00  -4.4929416e+00
  -2.8393274e+00  -3.4136392e+00
  -2.4393572e+00  -1.2068180e+00
  -2.0149004e+00  -9.9252343e-01
  -1.5701165e+00  -2.5783821e+00
  -1.1063589e+00  -1.8183676e+00
  -6.2834994e-01  -1.6974125e+00
  -1.4068546e-01   8.0744264e+00
   3.5488589e-01   6.6726365e-01
   8.5469983e-01   5.1424945e-01
   1.3550154e+00   9.5987645e-02
   1.8520870e+00   1.7949844e+00
   2.3436117e+00   1.0839863e+01
   2.8243647e+00   2.6081037e-01
   3.2924694e+00   3.5966493e+00
   3.7432539e+00   4.0596387e+00
   4.1723637e+00   1.5789742e+00
   4.5802371e+00   4.5935481e+00
   4.9632652e+00   3.9979052e+00
   5.3217866e+00   5.1265350e+00
   5.6521310e+00   4.8692115e+00
   5.9554967e+00   4.3048673e+00
   6.2303674e+00   8.0940033e+00
   6.4773241e+00   5.2646322e+00
   6.6986235e+00   6.8375405e+00
   6.8937273e+00   8.8915754e+00
   7.0672340e+00   7.2290377e+00
   7.2191753e+00   9.4599501e+00
   7.3511710e+00   5.9679527e+00
   7.4650003e+00   6.6410163e+00
   7.5625489e+00   9.4448172e+00
   7.6443859e+00   5.7383107e+00
   7.7123860e+00   8.4857062e+00
   7.7683141e+00   6.2983602e+00
   7.8155601e+00   8.3433219e+00
   7.8515358e+00   6.7685475e+00
   7.8795901e+00   5.6675972e+00
   7.9024015e+00   7.7619899e+00
   7.9193019e+00   8.8630318e+00
   7.9324683e+00   7.6643962e+00
   7.9438555e+00   6.7794660e+00
   7.9503624e+00   5.2282425e+00
   7.9530908e+00   9.1305886e+00
   7.9515347e+00   6.1016973e+00
   7.9449614e+00   8.7682737e+00
   7.9306547e+00   7.6765418e+00
   7.9105313e+00   1.6350465e+01
   7.8832792e+00   1.8115819e+01
   7.8457644e+00   8.7454650e+00
   7.7978946e+00   9.1451471e+00
   7.7382251e+00   6.5511757e+00
   7.6653793e+00   5.2976806e+00
   7.5780981e+00   7.6938052e+00
   7.4752892e+00   6.1378101e+00
   7.3578462e+00   8.6482782e+00
   7.2238670e+00   8.5599535e+00
   7.0731303e+00   4.9316121e+00
   6.9057505e+00   6.8802218e+00
   6.7221970e+00   1.4350192e+01
   6.5233008e+00   6.8505395e+00
   6.3102503e+00   5.1309310e+00
   6.0845737e+00   4.5894432e+00
   5.8481106e+00   5.0397857e+00
   5.6029711e+00   1.2402514e+01
   5.3497134e+00   6.3920866e+00
   5.0921092e+00   3.8036419e+00
   4.8308668e+00   5.0286131e+00
   4.5711323e+00   6.5368901e+00
   4.3135417e+00   3.5001580e+00
   4.0585793e+00   4.6312017e+00
   3.8081962e+00   5.9809066e+00
   3.5639858e+00   3.9992308e+00
   3.3285145e+00   4.7043030e+00
   3.1026246e+00   3.9905026e+00
   2.8850205e+00   3.7393912e+00
   2.6770924e+00   3.6643053e+00
   2.4784933e+00   1.4088981e+00
   2.2871698e+00   4.2456703e+00
   2.1038456e+00   9.8098901e-01
   1.9254820e+00   2.2921096e+00
   1.7519373e+00   1.7635884e+00
   1.5815986e+00   1.9622130e+00
   1.4128267e+00   1.2299844e+00
   1.2454012e+00   1.3830077e+00
   1.0761509e+00  -7.9051142e-01
   9.0383936e-01   1.1131407e+01
   7.2921877e-01   4.3621179e-01
   5.5162178e-01   1.5967300e+00
   3.6899170e-01   1.1331477e+00
   1.8272362e-01   1.7812644e+00
  -8.5426779e-03   1.5729999e+00
  -2.0410819e-01  -9.4059136e-01
  -4.0163499e-01   2.2349470e+00
  -6.0024444e-01  -7.3500549e-01
  -8.0017296e-01  -6.7492176e-02
  -9.9662154e-01   1.4350309e-01
  -1.1894675e+00  -3.4618197e+00
  -1.3784919e+00  -1.6826717e+00
  -1.5617498e+00  -2.8140421e+00
  -1.7360176e+00   1.4545744e-01
  -1.9012752e+00  -3.1181670e+00
  -2.0541487e+00  -2.0440118e+00
  -2.1945375e+00  -3.9242293e+00
  -2.3211991e+00  -2.8154714e+00
  -2.4331391e+00  -2.3584103e+00
  -2.5309937e+00  -2.9365395e+00
  -2.6125937e+00  -5.2927482e+00
  -2.6777855e+00  -2.1576039e+00
  -2.7266512e+00  -4.8229725e+00
  -2.7594959e+00  -2.9178419e+00
  -2.7768301e+00  -2.2148801e+00
  -2.7793499e+00  -2.7126215e+00
  -2.7696859e+00  -1.0963851e+00
  -2.7475559e+00  -1.6383364e+00
  -2.7141788e+00  -2.7001365e+00
  -2.6712762e+00  -5.6199136e-02
  -2.6206628e+00  -5.3134657e+00
  -2.5624627e+00  -2.3429145e+00
  -2.5016944e+00  -3.9070864e+00
  -2.4385961e+00  -8.5792673e-01
  -2.3734378e+00  -7.3068001e-01
  -2.3095592e+00  -1.4695425e+00
  -2.2489171e+00   2.0985822e-01
  -2.1934424e+00  -1.6720647e+00
  -2.1446251e+00  -1.6522143e+00
  -2.1025095e+00   2.7780961e-02
  -2.0701017e+00  -2.2957892e+00
  -2.0485150e+00   2.2013824e-01
  -2.0404831e+00  -2.6766561e+00
  -2.0455092e+00  -2.6036158e-01
  -2.0629073e+00  -1.4643759e+00
  -2.0948486e+00  -2.7295626e+00
  -2.1432933e+00  -2.6704750e+00
  -2.2069278e+00  -2.3842254e+00
  -2.2873709e+00  -1.0247337e+00
  -2.3865221e+00  -1.3110879e+00
  -2.5031330e+00  -3.6943929e+00
  -2.6386471e+00  -4.0434006e-01
  -2.7896486e+00  -5.0838671e+00
  -2.9557737e+00  -5.6083856e+00
  -3.1365882e+00  -1.0905697e+00
  -3.3316078e+00  -2.7846938e+00
  -3.5403149e+00  -4.1255134e+00
  -3.7603988e+00  -4.1358929e+00
  -3.9925862e+00  -4.9470135e+00
  -4.2362006e+00  -4.3740807e+00
  -4.4919020e+00  -4.4556398e+00
  -4.7572349e+00  -2.7159572e+00
  -5.0296645e+00  -6.0546759e+00
  -5.3078384e+00  -4.0912569e+00
  -5.5919517e+00  -3.1199330e+00
  -5.8806638e+00  -6.8648193e+00
  -6.1720590e+00  -6.3828198e+00
  -6.4640266e+00  -7.3561141e+00
  -6.7546499e+00  -6.4693253e+00
  -7.0418241e+00  -5.9696547e+00
  -7.3232849e+00  -6.4902842e+00
  -7.5966498e+00  -8.3658629e+00
  -7.8594716e+00  -1.0248554e+01
  -8.1093009e+00  -9.0543656e+00
  -8.3437561e+00  -9.6367523e+00
  -8.5605979e+00  -8.4078147e+00
  -8.7578033e+00  -7.4000074e+00
  -8.9304910e+00  -7.7858424e+00
  -9.0802473e+00  -7.4418766e+00
  -9.2059135e+00  -1.0475552e+01
  -9.3053939e+00  -1.1969645e+01
  -9.3783433e+00  -7.2205284e+00
  -9.4243976e+00  -9.0395330e+00
  -9.4439426e+00  -1.1078699e+01
  -9.4376835e+00  -9.7091357e+00
  -9.4061999e+00  -9.9576745e+00
  -9.3520461e+00  -6.5648468e+00
  -9.2752471e+00  -8.8837156e+00
  -9.1772722e+00  -1.0150274e+01
  -9.0591961e+00  -7.6428496e+00
  -8.9237939e+00  -1.0254761e+01
  -8.7706492e+00  -5.7834635e+00
  -8.6023085e+00  -1.0076569e+01
  -8.4184397e+00  -8.4864807e+00
  -8.2216301e+00  -7.3222869e+00
  -8.0125620e+00  -7.6408571e+00
  -7.7917987e+00  -8.1027746e+00
  -7.5584372e+00  -1.0215844e+01
  -7.3145831e+00  -8.5350482e+00
  -7.0591953e+00  -7.3317435e+00
  -6.7933671e+00  -9.7204997e+00
  -6.5182271e+00  -5.7908131e+00
  -6.2346061e+00  -7.4098001e+00
  -5.9466248e+00  -5.7017003e+00
  -5.6538364e+00  -4.3761145e+00
  -5.3592168e+00  -5.6012739e+00
  -5.0629620e+00  -2.9389824e+00
  -4.7686794e+00  -4.1337164e+00
  -4.4785323e+00  -5.7485830e+00
  -4.1949668e+00  -4.2750501e+00
  -3.9192844e+00  -6.8856203e+00
  -3.6542459e+00  -4.0622185e+00
  -3.4043997e+00  -2.5782841e+00
  -3.1725571e+00  -1.5732471e+00
  -2.9610898e+00  -5.7938048e-01
  -2.7708688e+00  -4.6648067e+00
  -2.6042484e+00  -1.5467597e-01
  -2.4663779e+00  -3.5019821e+00
  -2.3558868e+00  -1.5039600e+00
  -2.2741073e+00  -1.3896180e+00
  -2.2219014e+00  -3.5948333e+00
  -2.2014167e+00  -1.8585668e+00
  -2.2112602e+00  -2.8167371e+00
  -2.2509475e+00  -2.7398055e+00
  -2.3195512e+00  -1.7752168e+00
  -2.4157340e+00  -3.8009721e+00
  -2.5377897e+00  -4.3984623e-01
  -2.6836922e+00  -3.6745406e+00
  -2.8525229e+00  -3.1396923e+00
  -3.0400895e+00  -3.8013756e+00
  -3.2438104e+00  -3.2474418e+00
  -3.4627750e+00  -3.9876869e+00
  -3.6943513e+00  -4.1226180e+00
  -3.9356147e+00  -4.8507725e+00
  -4.1824109e+00  -3.7179726e+00
  -4.4338270e+00  -3.8811181e+00
  -4.6873929e+00  -5.4513334e+00
  -4.9394986e+00  -6.2062278e+00
  -5.1884717e+00  -3.9507585e+00
  -5.4341969e+00  -5.7088261e+00
  -5.6750608e+00  -7.1811714e+00
  -5.9083420e+00  -5.9843340e+00
  -6.1346353e+00  -6.0541289e+00
  -6.3516365e+00  -5.3717626e+00
  -6.5589576e+00  -7.6435136e+00
  -6.7563437e+00  -8.9748820e+00
  -6.9436590e+00  -6.2988378e+00
  -7.1208722e+00  -5.8432062e+00
  -7.2880402e+00  -5.9617422e+00
  -7.4470651e+00  -6.6822145e+00
  -7.5968552e+00  -8.8427456e+00
  -7.7363782e+00  -7.7662946e+00
  -7.8677155e+00  -7.4414844e+00
  -7.9912273e+00  -7.2722972e+00
  -8.1059413e+00  -7.9616334e+00
  -8.2139827e+00  -2.5476707e-01
  -8.3143684e+00  -7.3544920e+00
  -8.4092087e+00  -9.4068291e+00
  -8.4975018e+00  -9.3586743e+00
  -8.5813347e+00  -8.1391237e+00
  -8.6596763e+00  -7.8268006e+00
  -8.7345768e+00  -9.4881173e+00
  -8.8063325e+00  -1.1241345e+01
  -8.8738717e+00  -6.9521947e+00
  -8.9391818e+00  -9.0273784e+00
  -9.0007010e+00  -9.7194436e+00
  -9.0599022e+00  -9.6915118e+00
  -9.1150709e+00  -1.0294627e+01
  -9.1661208e+00  -8.8305526e+00
  -9.2128144e+00  -7.4663505e+00
  -9.2561329e+00  -1.0191929e+01
  -9.2938357e+00  -7.6356556e+00
  -9.3252888e+00  -1.1736516e+01
  -9.3497007e+00  -1.0912284e+01
  -9.3675081e+00  -6.7624757e+00
  -9.3777254e+00  -1.1353886e+01
  -9.3793397e+00  -8.5791453e+00
  -9.3713374e+00  -1.0760009e+01
  -9.3509627e+00  -1.0731097e+01
  -9.3185743e+00  -9.8467773e+00
  -9.2732411e+00  -8.4762858e+00
  -9.2141500e+00  -9.4120875e+00
  -9.1392669e+00  -1.1497324e+01
  -9.0498079e+00  -7.7066449e-01
  -8.9472144e+00  -8.6706505e+00
  -8.8301240e+00  -9.2568058e+00
  -8.6988260e+00  -5.5733558e+00
  -8.5556692e+00  -8.0726129e+00
  -8.4002388e+00  -7.4088263e+00
  -8.2355594e+00  -7.5126537e+00
  -8.0618807e+00  -9.3603610e+00
  -7.8828622e+00  -7.2749419e+00
  -7.6993397e+00  -7.1711223e+00
  -7.5137209e+00  -8.5971658e+00
  -7.3303313e+00  -5.0651801e+00
  -7.1523038e+00  -7.6306570e+00
  -6.9811306e+00  -4.1625973e+00
  -6.8214344e+00  -7.2938315e+00
  -6.6747047e+00  -8.5422643e+00
  -6.5454414e+00   3.9540123e+00
  -6.4335202e+00  -7.4535010e+00
  -6.3430101e+00  -5.3860943e+00
  -6.2759204e+00  -6.7527953e+00
  -6.2356944e+00  -7.3742678e+00
  -6.2223445e+00  -4.1952233e+00
  -6.2386301e+00  -8.1206422e+00
  -6.2838382e+00  -4.1528015e+00
  -6.3599824e+00  -8.8912122e+00
  -6.4656032e+00  -5.5276092e+00
  -6.6002146e+00  -5.0133171e+00
  -6.7629468e+00  -9.5582322e+00
  -6.9525701e+00  -5.6107605e+00
  -7.1675244e+00  -5.9831727e+00
  -7.4059548e+00  -5.9026053e+00
  -7.6639791e+00  -5.1673029e+00
  -7.9405536e+00  -1.0841793e+01
  -8.2344511e+00  -8.0739515e+00
  -8.5412387e+00  -9.4077856e+00
  -8.8577486e+00  -1.1118007e+01
  -9.1807360e+00  -1.0221701e+01
  -9.5086813e+00  -9.7687351e+00
  -9.8352241e+00  -8.9027253e+00
  -1.0160226e+01  -1.1477567e+01
  -1.0479165e+01  -1.1003208e+01
  -1.0790739e+01  -1.0248396e+01
  -1.1088931e+01  -1.0414042e+01
  -1.1372692e+01  -9.6033182e+00
  -1.1639765e+01  -1.0940405e+01
  -1.1888097e+01  -1.0254401e+01
  -1.2115473e+01  -1.0413281e+01
  -1.2319927e+01  -1.3998693e+01
  -1.2498390e+01  -1.1711967e+01
  -1.2649359e+01  -1.1903790e+01
  -1.2773307e+01  -1.3164250e+01
  -1.2867853e+01  -1.2476487e+01
  -1.2932597e+01  -1.5273625e+01
  -1.2969123e+01  -1.3665461e+01
  -1.2977542e+01  -1.3149217e+01
  -1.2956880e+01  -1.4289529e+01
  -1.2909511e+01  -1.1444435e+01
  -1.2834934e+01  -1.4486932e+01
  -1.2735967e+01  -1.0249736e+01
  -1.2612526e+01  -1.2081532e+01
  -1.2467806e+01  -1.2662725e+01
  -1.2305202e+01  -1.1883143e+01
  -1.2123857e+01  -1.4489655e+01
  -1.1926140e+01  -1.2728986e+01
  -1.1715853e+01  -1.3324001e+01
  -1.1493783e+01  -1.1109950e+01
  -1.1263879e+01  -1.1502401e+01
  -1.1027023e+01  -1.0566233e+01
  -1.0788981e+01  -1.1621408e+01
  -1.0548945e+01  -1.0709654e+01
  -1.0310536e+01  -9.1134150e+00
  -1.0072807e+01  -1.0730907e+01
  -9.8408378e+00  -1.1141638e+01
  -9.6132918e+00  -1.0275338e+01
  -9.3947812e+00  -1.0637763e+01
  -9.1851950e+00  -8.3321122e+00
  -8.9872492e+00  -8.3374039e+00
  -8.7998631e+00  -1.1926071e+01
  -8.6247349e+00  -5.5953156e+00
  -8.4618913e+00  -7.8411987e+00
  -8.3110598e+00  -6.5044054e+00
  -8.1734509e+00  -5.5709237e+00
  -8.0483302e+00  -7.2774253e+00
  -7.9330518e+00  -4.8040400e+00
  -7.8265539e+00  -1.0476557e+01
  -7.7294103e+00  -9.2342374e+00
  -7.6404374e+00  -6.8251924e+00
  -7.5567544e+00  -8.8126050e+00
  -7.4755218e+00  -6.8645410e+00
  -7.3966510e+00  -9.1494754e+00
  -7.3187985e+00  -8.8483166e+00
  -7.2411625e+00  -5.5178898e+00
  -7.1631133e+00  -7.2103271e+00
  -7.0855825e+00  -5.0436887e+00
  -7.0066291e+00  -7.0530263e+00
  -6.9262576e+00  -7.0594746e+00
  -6.8446294e+00  -6.4305842e+00
  -6.7634114e+00  -6.2910054e+00
  -6.6830783e+00  -6.0398598e+00
  -6.6042517e+00  -6.6226312e+00
  -6.5272683e+00  -7.6251880e+00
  -6.4511601e+00  -5.1200360e+00
  -6.3780534e+00  -6.7866257e+00
  -6.3069369e+00  -6.1778473e+00
  -6.2384716e+00  -6.8582653e+00
  -6.1732122e+00  -8.0541091e+00
  -6.1116063e+00  -8.3370646e+00
  -6.0539998e+00  -8.1343129e+00
  -6.0006465e+00  -3.6282458e+00
  -5.9517198e+00  -6.4459060e+00
  -5.9073272e+00  -7.0128240e+00
  -5.8675228e+00  -4.5479131e+00
  -5.8309471e+00  -5.9344423e+00
  -5.7992743e+00  -3.2545955e+00
  -5.7723944e+00  -7.3120369e+00
  -5.7501864e+00  -4.8132907e+00
  -5.7325169e+00  -5.7873609e+00
  -5.7192366e+00  -7.7515920e+00
  -5.7101747e+00  -3.1506313e+00
  -5.7037605e+00  -5.8726686e+00
  -5.7028293e+00  -5.2987981e+00
  -5.7035841e+00  -5.0887347e+00
  -5.7083860e+00   7.1349182e-01
  -5.7151046e+00  -5.3246839e+00
  -5.7246934e+00  -5.9086992e+00
  -5.7332148e+00  -6.6798127e+00
  -5.7415003e+00  -5.7137930e+00
  -5.7489539e+00  -8.3856630e+00
  -5.7580868e+00  -5.8401849e+00
  -5.7635012e+00  -7.8737155e+00
  -5.7659971e+00  -7.6882303e+00
  -5.7667802e+00  -4.5663204e+00
  -5.7626579e+00  -9.8051183e+00
  -5.7567076e+00  -5.1757824e+00
  -5.7472721e+00  -7.4769700e+00
  -5.7341847e+00  -4.6036919e+00
  -5.7160331e+00  -4.9212107e+00
  -5.6946053e+00  -8.7762616e+00
  -5.6700673e+00  -3.1404599e+00
  -5.6441046e+00  -7.0631595e+00
  -5.6168485e+00  -6.0227286e+00
  -5.5854771e+00  -6.2433540e+00
  -5.5520758e+00  -7.2664856e+00
  -5.5156343e+00  -2.7873406e+00
  -5.4764481e+00  -4.4426623e+00
  -5.4347049e+00  -5.3798437e+00
  -5.3922132e+00  -6.4911219e+00
  -5.3493085e+00  -7.8272466e+00
  -5.3062002e+00  -3.1835357e+00
  -5.2615774e+00  -7.6303700e+00
  -5.2170334e+00  -3.5782839e+00
  -5.1722346e+00  -3.5308718e+00
  -5.1266945e+00  -7.5602542e+00
  -5.0797853e+00  -2.6058289e+00
  -5.0307597e+00  -7.0603801e+00
  -4.9770111e+00  -5.4527562e+00
  -4.9189361e+00  -4.1921470e+00
  -4.8555415e+00  -6.7818316e+00
  -4.7840941e+00  -5.3275353e+00
  -4.7049952e+00  -5.3963998e+00
  -4.6156179e+00  -5.6406570e+00
  -4.5165479e+00  -4.0930228e+00
  -4.4071814e+00  -3.6571654e+00
  -4.2853543e+00  -4.2439165e+00
  -4.1521844e+00  -5.8768139e+00
  -4.0058680e+00  -3.8966434e+00
  -3.8478741e+00  -4.4018179e+00
  -3.6767209e+00  -4.9147113e+00
  -3.4941531e+00  -2.4305778e+00
  -3.3006772e+00  -3.8728476e+00
  -3.0969064e+00  -1.6042951e+00
  -2.8817610e+00  -1.5834775e+00
  -2.6586393e+00  -4.1535558e+00
  -2.4265182e+00  -3.0261519e+00
  -2.1843630e+00  -2.5400585e+00
  -1.9341718e+00  -2.4120528e+00
  -1.6779088e+00   8.1392163e-01
  -1.4144444e+00  -2.2894088e+00
  -1.1426209e+00  -8.3719510e-01
  -8.6294915e-01  -1.2009642e+00
  -5.7900223e-01   1.0793759e+00
  -2.9131866e-01   1.8590051e+00
   2.1777374e-03  -1.7377868e+00
   2.9905253e-01   1.5923337e-01
   5.9991590e-01   1.0255411e+00
   9.0220300e-01   8.9026980e-01
   1.2049959e+00   9.5159147e-01
   1.5054849e+00  -5.1350663e-01
   1.8038035e+00   1.1091249e+00
   2.0986062e+00  -3.3716290e-01
   2.3884636e+00   5.4375386e-01
   2.6718891e+00   4.4743107e+00
   2.9459963e+00   3.5877224e+00
   3.2091986e+00   5.7465011e+00
   3.4598695e+00   1.4208273e+00
   3.6967732e+00   5.1444965e+00
   3.9187113e+00   4.2914963e+00
   4.1259369e+00   2.5367653e+00
   4.3153557e+00   7.3757737e+00
   4.4871429e+00   3.1954920e+00
   4.6385489e+00   3.9120907e+00
   4.7701094e+00   5.3782968e+00
   4.8794424e+00   5.4509022e+00
   4.9674498e+00   5.1963464e+00
   5.0321063e+00   5.7104291e+00
   5.0746528e+00   6.8368728e+00
   5.0920057e+00   5.5090569e+00
   5.0873824e+00   3.6728780e+00
   5.0610271e+00   7.6206042e+00
   5.0101966e+00   5.4139167e+00
   4.9366382e+00   4.4662647e+00
   4.8407638e+00   6.4925551e+00
   4.7230102e+00   3.6567417e+00
   4.5852009e+00   3.7541607e+00
   4.4264975e+00   4.1180873e+00
   4.2474356e+00   5.7321352e+00
   4.0485494e+00   5.3951183e+00
   3.8321455e+00   8.7458080e-01
   3.5974823e+00   5.4377930e+00
   3.3469870e+00   3.6833053e+00
   3.0814387e+00   1.0999634e+00
   2.8035198e+00   4.5191014e+00
   2.5116259e+00  -5.1277933e-01
   2.2087491e+00   5.1057065e+00
   1.8962835e+00   1.2236258e+00
   1.5761925e+00   3.3845996e+00
   1.2506160e+00   9.1274986e+00
   9.2324282e-01  -9.0051993e-01
   5.9486475e-01   2.6941012e+00
   2.6641490e-01   1.5281682e+00
  -5.8000823e-02   6.5631043e-01
  -3.7596912e-01   9.5989199e-01
  -6.8190004e-01  -2.8424619e+00
  -9.7634142e-01   6.2798073e-01
  -1.2567694e+00  -3.5276604e+00
  -1.5207877e+00  -5.7843477e-01
  -1.7661816e+00   1.0603380e-01
  -1.9909700e+00  -1.8073673e+00
  -2.1920799e+00  -2.9004931e+00
  -2.3698274e+00  -2.3914596e+00
  -2.5231275e+00  -2.4356334e+00
  -2.6530617e+00  -6.1071284e-01
  -2.7580690e+00  -2.2711268e+00
  -2.8401600e+00  -2.2325566e+00
  -2.8973397e+00  -2.8929741e+00
  -2.9342385e+00  -4.8242914e+00
  -2.9510604e+00  -4.0777361e+00
  -2.9515242e+00  -4.8410711e+00
  -2.9383873e+00  -2.3606096e+00
  -2.9116276e+00  -2.7088398e+00
  -2.8776543e+00  -3.0299724e+00
  -2.8368409e+00  -2.1342009e+00
  -2.7940986e+00  -4.2825998e+00
  -2.7529977e+00  -2.1185959e+00
  -2.7170744e+00  -1.8489276e+00
  -2.6879932e+00  -2.0424309e+00
  -2.6720801e+00  -1.4574272e+00
  -2.6692296e+00  -2.1519098e+00
  -2.6834888e+00  -1.6389807e+00
  -2.7185746e+00  -3.4799824e+00
  -2.7733990e+00  -2.0131855e+00
  -2.8495357e+00  -9.0598514e-01
  -2.9494334e+00  -4.2094911e+00
  -3.0737446e+00  -4.9831559e-02
  -3.2227049e+00  -4.3514302e+00
  -3.3957522e+00  -2.5712948e+00
  -3.5905667e+00  -2.7488822e+00
  -3.8075334e+00  -5.5333017e+00
  -4.0449502e+00  -1.4679127e+00
  -4.3008385e+00  -5.6220343e+00
  -4.5729881e+00  -4.8412639e+00
  -4.8590056e+00  -2.8028554e+00
  -5.1577392e+00  -7.4830045e+00
  -5.4648918e+00  -5.8000851e+00
  -5.7778972e+00  -6.4937620e+00
  -6.0959697e+00  -5.0106745e+00
  -6.4167010e+00  -5.1350010e+00
  -6.7361018e+00  -6.4957582e+00
  -7.0534643e+00  -5.1935936e+00
  -7.3651830e+00  -9.5543971e+00
  -7.6696039e+00  -9.2831229e+00
  -7.9652725e+00  -7.7462902e+00
  -8.2509461e+00  -1.0404870e+01
  -8.5269730e+00  -7.3150762e+00
  -8.7908537e+00  -7.6548755e+00
  -9.0420605e+00  -8.1884391e+00
  -9.2820285e+00  -7.3559492e+00
  -9.5093188e+00  -1.0155394e+01
  -9.7240421e+00  -7.4551151e+00
  -9.9264672e+00  -1.2499918e+01
  -1.0117000e+01  -1.1543690e+01
  -1.0296163e+01  -8.7128878e+00
  -1.0463194e+01  -1.1686480e+01
  -1.0620467e+01  -1.0021825e+01
  -1.0767266e+01  -1.0476618e+01
  -1.0905975e+01  -1.0964224e+01
  -1.1035853e+01  -1.2316787e+01
  -1.1159229e+01  -1.1548784e+01
  -1.1277047e+01  -1.1650437e+01
  -1.1388871e+01  -1.1195350e+01
  -1.1496917e+01  -1.1004314e+01
  -1.1600240e+01  -1.0393687e+01
  -1.1700938e+01  -1.3196972e+01
  -1.1799315e+01  -1.0402896e+01
  -1.1894273e+01  -1.1776080e+01
  -1.1987743e+01  -1.3386389e+01
  -1.2079862e+01  -1.3170406e+01
  -1.2167590e+01  -1.4466328e+01
  -1.2253976e+01  -1.3045431e+01
  -1.2338892e+01  -1.4788038e+01
  -1.2420801e+01  -1.2138359e+01
  -1.2499425e+01  -1.2767406e+01
  -1.2575745e+01  -1.2243724e+01
  -1.2647560e+01  -1.3247681e+01
  -1.2714315e+01  -1.1578258e+01
  -1.2775329e+01  -1.4726298e+01
  -1.2831175e+01  -1.2674956e+01
  -1.2881016e+01  -1.3250551e+01
  -1.2922218e+01  -1.0821234e+01
  -1.2955189e+01  -1.1975867e+01
  -1.2978953e+01  -1.2834586e+01
  -1.2992547e+01  -1.2535184e+01
  -1.2995047e+01  -1.4632986e+01
  -1.2985590e+01  -1.0806164e+01
  -1.2963409e+01  -1.2462614e+01
  -1.2927863e+01  -1.2351213e+01
  -1.2877092e+01  -1.0640328e+01
  -1.2814260e+01  -1.3927713e+01
  -1.2737928e+01  -1.3051799e+01
  -1.2648285e+01  -1.1477815e+01
  -1.2547560e+01  -1.4216359e+01
  -1.2435205e+01  -9.9986271e+00
  -1.2312326e+01  -1.3115947e+01
  -1.2180299e+01  -1.2084447e+01
  -1.2042517e+01  -1.2461790e+01
  -1.1899534e+01  -1.3542443e+01
  -1.1753464e+01  -1.2549852e+01
  -1.1605180e+01  -1.4174427e+01
  -1.1458703e+01  -1.1625030e+01
  -1.1318084e+01  -1.2855115e+01
  -1.1184290e+01  -1.1252418e+01
  -1.1059578e+01  -8.9433954e+00
  -1.0946061e+01  -1.2567494e+01
  -1.0845649e+01  -7.8146578e+00
  -1.0760000e+01  -3.4722081e+00
  -1.0690476e+01  -8.9080630e+00
  -1.0638109e+01  -8.2573681e+00
  -1.0603579e+01  -1.3349490e+01
  -1.0587202e+01  -8.1685710e+00
  -1.0587558e+01  -1.1837972e+01
  -1.0605939e+01  -9.9760237e+00
  -1.0639773e+01  -1.1916362e+01
  -1.0687479e+01  -1.0565674e+01
  -1.0748884e+01  -9.4105063e+00
  -1.0822202e+01  -1.2214828e+01
  -1.0907221e+01  -1.0872055e+01
  -1.1002305e+01  -1.2021814e+01
  -1.1104059e+01  -1.3639703e+01
  -1.1210054e+01  -1.0802102e+01
  -1.1316115e+01  -1.3623595e+01
  -1.1421583e+01  -1.0137256e+01
  -1.1522749e+01  -9.0458044e+00
  -1.1618690e+01  -1.4057558e+01
  -1.1705482e+01  -1.2367777e+01
  -1.1784178e+01  -1.3083191e+01
  -1.1849786e+01  -1.2358359e+01
  -1.1903678e+01  -1.0097720e+01
  -1.1942954e+01  -1.2017102e+01
  -1.1964879e+01  -9.9527458e+00
  -1.1971315e+01  -1.4220862e+01
  -1.1958075e+01  -1.3924847e+01
  -1.1925952e+01  -1.3013742e+01
  -1.1874507e+01  -1.3824365e+01
  -1.1801680e+01  -1.1522210e+01
  -1.1708618e+01  -1.2734067e+01
  -1.1595242e+01  -1.3526890e+01
  -1.1461631e+01  -1.1418621e+01
  -1.1308029e+01  -1.1855721e+01
  -1.1133487e+01  -8.4712463e+00
  -1.0940310e+01  -1.3192345e+01
  -1.0729247e+01  -1.2012979e+01
  -1.0499890e+01  -1.0158663e+01
  -1.0255121e+01  -1.0498658e+01
  -9.9962826e+00  -7.0330843e+00
  -9.7249432e+00  -1.0209282e+01
  -9.4415060e+00  -1.0248437e+01
  -9.1496259e+00  -1.0382362e+01
  -8.8513547e+00  -9.0288590e+00
  -8.5488759e+00  -9.3049860e+00
  -8.2444611e+00  -8.1025595e+00
  -7.9390505e+00  -8.5087900e+00
  -7.6366418e+00  -4.9922641e+00
  -7.3394153e+00  -1.0243292e+01
  -7.0494559e+00  -7.4598909e+00
  -6.7687067e+00  -8.5325633e+00
  -6.4989266e+00  -4.8679183e+00
  -6.2398839e+00  -3.7009369e+00
  -5.9941526e+00  -5.7047075e+00
  -5.7626537e+00  -4.4735507e+00
  -5.5460184e+00  -7.9016594e+00
  -5.3445868e+00  -4.4546552e+00
  -5.1584166e+00   4.5408274e+00
  -4.9869005e+00  -6.8994196e+00
  -4.8305480e+00  -4.9166552e+00
  -4.6869621e+00  -6.2012984e+00
  -4.5553007e+00  -4.4284301e+00
  -4.4331726e+00  -5.1228834e+00
  -4.3215185e+00   1.9094482e+00
  -4.2194454e+00  -4.2050307e+00
  -4.1270290e+00  -6.5820836e+00
  -4.0426865e+00  -5.3479676e+00
  -3.9653709e+00  -4.5477792e+00
  -3.8942060e+00  -6.1261010e+00
  -3.8281172e+00  -4.2767284e+00
  -3.7680133e+00  -4.2181630e+00
  -3.7105940e+00  -5.1189464e+00
  -3.6589987e+00  -1.3826451e+00
  -3.6104045e+00  -5.8333322e+00
  -3.5652869e+00  -3.2378022e+00
  -3.5291819e+00  -5.0386370e+00
  -3.4985819e+00  -5.4414160e+00
  -3.4759863e+00  -3.1270201e+00
  -3.4609144e+00  -3.7386657e+00
  -3.4546927e+00  -7.1789125e-01
  -3.4600149e+00  -5.2039400e+00
  -3.4764588e+00  -3.4775990e+00
  -3.5052646e+00  -1.4733017e+00
  -3.5475179e+00  -2.7392443e+00
  -3.6023355e+00  -1.5003535e+00
  -3.6716504e+00  -4.5190064e+00
  -3.7557395e+00  -2.5750873e+00
  -3.8545711e+00  -5.1021625e+00
  -3.9642455e+00  -4.8750204e+00
  -4.0866370e+00  -2.7354555e+00
  -4.2205202e+00  -6.7338180e+00
  -4.3643334e+00  -4.6758559e+00
  -4.5162074e+00  -4.7812970e+00
  -4.6740065e+00  -3.8714149e+00
  -4.8371520e+00  -3.9059780e+00
  -5.0018597e+00  -6.1569567e+00
  -5.1656470e+00  -5.8946028e+00
  -5.3260334e+00  -4.5599534e+00
  -5.4806152e+00  -5.5246159e+00
  -5.6271382e+00  -3.0314283e+00
  -5.7653384e+00  -6.2756054e+00
  -5.8921797e+00  -7.8274790e+00
  -6.0063434e+00  -6.2260258e+00
  -6.1082680e+00  -7.1406041e+00
  -6.1975060e+00  -6.7539645e+00
  -6.2727335e+00  -6.5852341e+00
  -6.3344112e+00  -6.8640722e+00
  -6.3833894e+00  -7.4872946e+00
  -6.4208708e+00  -7.9671145e+00
  -6.4497325e+00  -7.2578790e+00
  -6.4700247e+00  -8.7144235e+00
  -6.4854973e+00  -8.1497725e+00
  -6.4969299e+00  -6.5049756e+00
  -6.5064950e+00  -6.9390331e+00
  -6.5149390e+00  -3.5447080e+00
  -6.5259518e+00  -6.6913908e+00
  -6.5395085e+00  -6.4462395e+00
  -6.5584117e+00  -6.5289804e+00
  -6.5824374e+00  -9.6804330e+00
  -6.6141169e+00  -4.9043599e+00
  -6.6538958e+00  -7.4846234e+00
  -6.7005290e+00  -4.8100251e+00
  -6.7555276e+00  -6.0263337e+00
  -6.8169817e+00  -8.4417782e+00
  -6.8857995e+00  -6.5784931e+00
  -6.9609195e+00  -8.5669192e+00
  -7.0383774e+00  -8.1764798e+00
  -7.1202295e+00  -6.5992882e+00
  -7.2049491e+00  -7.0819852e+00
  -7.2910152e+00  -5.4860565e+00
  -7.3769542e+00  -9.7924343e+00
  -7.4613782e+00  -7.7902951e+00
  -7.5447905e+00  -8.7631257e+00
  -7.6247900e+00  -1.0606324e+01
  -7.7005323e+00   2.2286377e+00
  -7.7709729e+00  -7.6212072e+00
  -7.8352600e+00  -9.4197960e+00
  -7.8931199e+00  -5.6530939e+00
  -7.9444521e+00  -8.5718843e+00
  -7.9920635e+00  -5.4392250e+00
  -8.0327736e+00  -1.0289204e+01
  -8.0670426e+00  -8.9054137e+00
  -8.0954056e+00  -5.8538917e+00
  -8.1184493e+00  -9.7848223e+00
  -8.1367876e+00  -7.5489003e+00
  -8.1496654e+00  -7.9500769e+00
  -8.1611478e+00  -9.7461172e+00
  -8.1704526e+00  -8.6555638e+00
  -8.1781454e+00  -1.0431080e+01
  -8.1847540e+00  -5.7242299e+00
  -8.1907606e+00  -1.0160419e+01
  -8.1952237e+00  -6.4903640e+00
  -8.2002159e+00  -7.1347348e+00
  -8.2060004e+00  -9.7623501e+00
  -8.2128057e+00  -7.5851382e+00
  -8.2212276e+00  -8.0599365e+00
  -8.2318485e+00  -7.9224333e+00
  -8.2483990e+00  -5.9790874e+00
  -8.2702837e+00  -9.0381643e+00
  -8.2984070e+00  -7.5331470e+00
  -8.3338139e+00  -8.0711987e+00
  -8.3759267e+00  -9.0336843e+00
  -8.4260015e+00  -9.5016538e+00
  -8.4853567e+00  -1.0773746e+01
  -8.5531974e+00  -1.0867114e+00
  -8.6300407e+00  -1.1185655e+01
  -8.7162987e+00  -8.5813818e+00
  -8.8153732e+00  -8.2107429e+00
  -8.9243414e+00  -9.5342164e+00
  -9.0449371e+00  -9.2074572e+00
  -9.1755306e+00  -9.2226751e+00
  -9.3155196e+00  -7.8601226e+00
  -9.4639126e+00  -1.0030522e+01
  -9.6210652e+00  -1.2096825e+01
  -9.7856027e+00  -8.4839938e+00
  -9.9540231e+00  -1.1794230e+01
  -1.0125537e+01  -8.2746095e+00
  -1.0297659e+01  -9.1065024e+00
  -1.0467633e+01  -1.0692570e+01
  -1.0632492e+01  -9.1997738e+00
  -1.0789142e+01  -1.2449655e+01
  -1.0934447e+01  -1.1278449e+01
  -1.1065336e+01  -9.1206752e+00
  -1.1179302e+01  -1.1045875e+01
  -1.1274121e+01  -1.0498042e+01
  -1.1349338e+01  -1.2080423e+01
  -1.1403305e+01  -1.2020836e+01
  -1.1433248e+01  -1.2366389e+01
  -1.1440546e+01  -1.2611063e+01
  -1.1425933e+01  -1.0372104e+01
  -1.1389119e+01  -1.3438523e+01
  -1.1330062e+01  -1.0559321e+01
  -1.1252366e+01  -1.0309832e+01
  -1.1158775e+01  -1.1728120e+01
  -1.1052441e+01  -9.9328923e+00
  -1.0940365e+01  -1.2052558e+01
  -1.0825389e+01  -2.1520828e+00
  -1.0708755e+01  -9.6169724e+00
  -1.0596111e+01  -1.2282105e+01
  -1.0492958e+01  -8.6748892e+00
  -1.0401487e+01  -1.2876251e+01
  -1.0324923e+01  -9.7014422e+00
  -1.0266063e+01  -1.0888367e+01
  -1.0227223e+01  -1.0313408e+01
  -1.0210186e+01  -9.9871747e+00
  -1.0216187e+01  -8.9363858e+00
  -1.0242761e+01  -1.2039099e+01
  -1.0293019e+01  -9.2828774e+00
  -1.0363670e+01  -1.1295677e+01
  -1.0455706e+01  -8.9476450e+00
  -1.0567869e+01  -1.0832827e+01
  -1.0698492e+01  -9.2295952e+00
  -1.0846939e+01  -1.0744325e+01
  -1.1009241e+01  -1.3274514e+01
  -1.1184361e+01  -2.6017617e+00
  -1.1372576e+01  -1.2066270e+01
  -1.1571183e+01  -1.1255507e+01
  -1.1775927e+01  -1.0190166e+01
  -1.1984502e+01  -1.2102871e+01
  -1.2196603e+01  -1.1703726e+01
  -1.2407374e+01  -1.4185792e+01
  -1.2618481e+01  -1.3243726e+01
  -1.2827109e+01  -1.2989410e+01
  -1.3033958e+01  -7.4919962e+00
  -1.3235669e+01  -1.3550893e+01
  -1.3432324e+01  -1.5904432e+01
  -1.3627438e+01  -1.3178394e+01
  -1.3818674e+01  -1.3733891e+01
  -1.4007075e+01  -1.6578986e+01
  -1.4193879e+01  -1.2476181e+01
  -1.4380461e+01  -1.4633505e+01
  -1.4570045e+01  -1.3455093e+01
  -1.4762810e+01  -1.4762360e+01
  -1.4960262e+01  -1.4575872e+01
  -1.5162412e+01  -1.4310684e+01
  -1.5372155e+01  -1.4304063e+01
  -1.5589008e+01  -1.4835105e+01
  -1.5815270e+01  -1.5323056e+01
  -1.6051160e+01  -1.5526357e+01
  -1.6293421e+01  -1.6063712e+01
  -1.6543192e+01  -1.6744097e+01
  -1.6801194e+01  -1.6784774e+01
  -1.7069211e+01  -1.6410709e+01
  -1.7342628e+01  -1.9339783e+01
  -1.7619742e+01  -1.6956043e+01
  -1.7898669e+01  -1.8324118e+01
  -1.8174659e+01  -1.7651650e+01
  -1.8447665e+01  -1.9045236e+01
  -1.8717199e+01  -2.0768076e+01
  -1.8982876e+01  -1.7513207e+01
  -1.9240050e+01  -2.1695756e+01
  -1.9488733e+01  -2.0631510e+01
  -1.9727432e+01  -2.0378188e+01
  -1.9954950e+01  -2.2293622e+01
  -2.0170396e+01  -1.8101479e+01
  -2.0373191e+01  -2.2405367e+01
  -2.0563055e+01  -1.8601874e+01
  -2.0741364e+01  -2.2011577e+01
  -2.0906688e+01  -2.0644691e+01
  -2.1059574e+01  -2.1751211e+01
  -2.1200746e+01  -2.2442624e+01
  -2.1331056e+01  -1.9393039e+01
  -2.1451444e+01  -2.1637050e+01
  -2.1562900e+01  -2.3884736e+01
  -2.1666416e+01  -2.1689075e+01
  -2.1762956e+01  -2.0553177e+01
  -2.1850277e+01  -1.9877219e+01
  -2.1930793e+01  -2.2963267e+01
  -2.2004957e+01  -2.3360503e+01
  -2.2073021e+01  -2.1527396e+01
  -2.2133653e+01  -2.3458914e+01
  -2.2187974e+01  -2.0329476e+01
  -2.2233752e+01  -1.9686398e+01
  -2.2271607e+01  -2.4059822e+01
  -2.2298812e+01  -2.2365050e+01
  -2.2315514e+01  -2.4823270e+01
  -2.2321691e+01  -2.3083345e+01
  -2.2314513e+01  -2.2945637e+01
  -2.2294186e+01  -2.2991438e+01
  -2.2259174e+01  -2.0853210e+01
  -2.2206233e+01  -2.3913524e+01
  -2.2135284e+01  -2.1092527e+01
  -2.2043646e+01  -2.3193448e+01
  -2.1931894e+01  -2.2661917e+01
  -2.1800853e+01  -2.0855233e+01
  -2.1648586e+01  -2.3779830e+01
  -2.1474873e+01  -2.3272136e+01
  -2.1279870e+01  -2.1808120e+01
  -2.1064128e+01  -2.3994872e+01
  -2.0828613e+01  -2.1618813e+01
  -2.0576073e+01  -2.2806897e+01
  -2.0306588e+01  -1.9818123e+01
  -2.0022371e+01  -1.7913860e+01
  -1.9722813e+01  -1.9147477e+01
  -1.9413691e+01  -1.9357273e+01
  -1.9096072e+01  -2.1013204e+01
  -1.8774204e+01  -1.7573350e+01
  -1.8449230e+01  -1.7607329e+01
  -1.8125301e+01  -2.0105556e+01
  -1.7803278e+01  -1.5921298e+01
  -1.7485486e+01  -1.6766318e+01
  -1.7175642e+01  -1.6306628e+01
  -1.6873580e+01  -1.5018422e+01
  -1.6581804e+01  -1.5952773e+01
  -1.6301027e+01  -1.3375514e+01
  -1.6031543e+01  -1.5556733e+01
  -1.5773239e+01  -1.6423648e+01
  -1.5525633e+01  -1.6564663e+01
  -1.5287922e+01  -1.4858689e+01
  -1.5057276e+01  -1.5606116e+01
  -1.4833734e+01  -1.6224258e+01
  -1.4615843e+01  -1.4027070e+01
  -1.4402118e+01  -1.3639916e+01
  -1.4191113e+01  -1.6546333e+01
  -1.3979727e+01  -1.2075599e+01
  -1.3768089e+01  -1.4013762e+01
  -1.3553399e+01  -4.9517290e+00
  -1.3335758e+01  -1.3272883e+01
  -1.3114144e+01  -1.3255753e+01
  -1.2887769e+01  -1.3878919e+01
  -1.2656070e+01  -1.3224837e+01
  -1.2418671e+01  -1.3793018e+01
  -1.2176724e+01  -1.0648388e+01
  -1.1930202e+01  -1.3682739e+01
  -1.1680994e+01  -9.6351552e+00
  -1.1428049e+01  -1.0881370e+01
  -1.1171774e+01  -1.2531478e+01
  -1.0913034e+01  -1.1275366e+01
  -1.0651376e+01  -1.1581853e+01
  -1.0387690e+01  -8.5426617e+00
  -1.0122850e+01  -1.0100039e+01
  -9.8590960e+00  -1.1335509e+01
  -9.5956123e+00  -1.0838053e+01
  -9.3333667e+00  -1.1083343e+01
  -9.0733570e+00  -8.9729279e+00
  -8.8152510e+00  -9.2849306e+00
  -8.5618331e+00  -7.7651606e+00
  -8.3141811e+00  -8.7914286e+00
  -8.0752016e+00  -8.7550335e+00
  -7.8447895e+00  -5.8946148e+00
  -7.6242435e+00  -8.8522091e+00
  -7.4148620e+00  -7.5774552e+00
  -7.2179061e+00  -5.5442614e+00
  -7.0345605e+00  -8.7537288e+00
  -6.8690369e+00  -6.3606626e+00
  -6.7192725e+00  -5.6721295e+00
  -6.5875319e+00  -6.4827671e+00
  -6.4745683e+00  -5.5039897e+00
  -6.3809768e+00  -6.9012244e+00
  -6.3054138e+00  -4.0105116e+00
  -6.2511926e+00  -6.1541093e+00
  -6.2152572e+00  -4.9429480e+00
  -6.1974624e+00  -7.1256699e+00
  -6.1988254e+00  -9.0622698e+00
  -6.2171137e+00  -3.7571337e+00
  -6.2516985e+00  -6.7492727e+00
  -6.3000406e+00  -6.8516471e+00
  -6.3625423e+00  -4.0480256e+00
  -6.4381324e+00  -7.5238553e+00
  -6.5256600e+00  -4.8500572e+00
  -6.6235119e+00  -8.3851692e+00
  -6.7300108e+00  -5.9672751e+00
  -6.8438099e+00  -8.6240693e+00
  -6.9617311e+00  -8.8597102e+00
  -7.0835965e+00  -3.9968235e+00
  -7.2091719e+00  -6.0345087e+00
  -7.3351110e+00  -8.5524286e+00
  -7.4611685e+00  -6.0162350e+00
  -7.5836107e+00  -7.0327689e+00
  -7.7004502e+00  -5.5359797e+00
  -7.8096912e+00  -9.9605260e+00
  -7.9093518e+00  -7.1587943e+00
  -7.9974891e+00  -7.8359748e+00
  -8.0722276e+00  -7.6919415e+00
  -8.1321871e+00  -7.4871599e+00
  -8.1729812e+00  -8.3635808e+00
  -8.1965200e+00  -7.9354162e+00
  -8.2017818e+00  -8.0404428e+00
  -8.1866135e+00  -2.7893168e+00
  -8.1521919e+00  -5.3640598e+00
  -8.0964426e+00  -8.0407341e+00
  -8.0206420e+00  -7.2152933e+00
  -7.9249775e+00  -6.5346708e+00
  -7.8081403e+00  -9.0876539e+00
  -7.6721353e+00  -7.2066830e+00
  -7.5178232e+00  -9.4471174e+00
  -7.3462693e+00  -7.2660749e+00
  -7.1587191e+00  -7.8299454e+00
  -6.9565700e+00  -8.7694214e+00
  -6.7399716e+00  -4.2989002e+00
  -6.5122371e+00  -7.9223979e+00
  -6.2749921e+00  -6.6240539e+00
  -6.0299206e+00  -4.6142956e+00
  -5.7787403e+00  -5.6311876e+00
  -5.5231800e+00  -4.1984667e+00
  -5.2635855e+00  -6.7585407e+00
  -5.0051107e+00   2.3034184e+00
  -4.7480519e+00  -3.9265154e+00
  -4.4926684e+00  -5.1524542e+00
  -4.2422328e+00  -3.4591557e+00
  -3.9981906e+00  -5.4519174e+00
  -3.7605431e+00  -3.0144674e+00
  -3.5322712e+00  -3.5010583e+00
  -3.3162667e+00  -5.0733308e+00
  -3.1122655e+00  -1.7800401e+00
  -2.9212712e+00  -5.4091366e+00
  -2.7441697e+00   5.0895229e+00
  -2.5848603e+00  -3.4545475e+00
  -2.4409828e+00  -1.7582258e+00
  -2.3149428e+00  -4.0551185e-01
  -2.2059376e+00  -1.1016285e+00
  -2.1175351e+00  -3.7962453e+00
  -2.0470359e+00  -1.2999395e+00
  -1.9947362e+00  -4.8434560e+00
  -1.9639293e+00  -1.1945500e+00
  -1.9516452e+00  -2.9870618e+00
  -1.9579175e+00  -2.6234912e-01
  -1.9826429e+00  -2.5130297e+00
  -2.0273572e+00  -1.4569121e+00
  -2.0917875e+00   9.6666706e-01
  -2.1738560e+00  -3.5306491e+00
  -2.2745062e+00  -8.5739620e-01
  -2.3897222e+00  -1.1042586e+00
  -2.5215516e+00  -4.3175140e+00
  -2.6674567e+00  -2.8060871e+00
  -2.8265133e+00  -3.4001254e+00
  -2.9972435e+00  -1.3600310e+00
  -3.1780061e+00  -1.4627472e+00
  -3.3673891e+00  -3.9979399e+00
  -3.5638234e+00  -5.8782652e-01
  -3.7655987e+00  -5.8797862e+00
  -3.9722584e+00  -3.0738825e+00
  -4.1801870e+00  -3.2192021e+00
  -4.3874665e+00  -4.4340129e+00
  -4.5952866e+00  -2.5217001e+00
  -4.7987237e+00  -3.8797767e+00
  -4.9960492e+00  -6.2363652e+00
  -5.1874026e+00  -5.5768774e+00
  -5.3700137e+00  -6.7785023e+00
  -5.5426844e+00  -3.7102730e+00
  -5.7062248e+00  -4.5412507e+00
  -5.8586601e+00  -3.9672708e+00
  -5.9996902e+00  -5.1921243e+00
  -6.1293270e+00  -7.2712781e+00
  -6.2496646e+00  -4.5198368e+00
  -6.3600411e+00  -6.0575225e+00
  -6.4614521e+00  -6.6143571e+00
  -6.5537667e+00  -5.5464319e+00
  -6.6401189e+00  -5.9247912e+00
  -6.7220265e+00  -4.0743577e+00
  -6.8011001e+00  -7.4835318e+00
  -6.8789760e+00  -5.9369712e+00
  -6.9572501e+00  -6.3435052e+00
  -7.0374135e+00  -6.5212853e+00
  -7.1194212e+00  -6.6421683e+00
  -7.2060813e+00  -7.6453508e+00
  -7.2981899e+00  -5.6898405e+00
  -7.3962739e+00  -7.3600939e+00
  -7.4992018e+00  -1.7831316e+00
  -7.6086184e+00  -7.2423964e+00
  -7.7227561e+00  -8.7101515e+00
  -7.8426650e+00  -6.4013992e+00
  -7.9660446e+00  -7.5263441e+00
  -8.0934901e+00  -1.0910771e+01
  -8.2237106e+00  -5.6493734e+00
  -8.3539718e+00  -9.1315682e+00
  -8.4863521e+00  -9.7258964e+00
  -8.6181394e+00  -7.6906539e+00
  -8.7480822e+00  -9.8012348e+00
  -8.8736797e+00  -5.8814343e+00
  -8.9956499e+00  -1.0491370e+00
  -9.1113541e+00  -8.8630736e+00
  -9.2214050e+00  -8.4372880e+00
  -9.3266038e+00  -1.0682167e+01
  -9.4248692e+00  -6.4630509e+00
  -9.5142794e+00  -9.9605265e+00
  -9.5961068e+00  -7.7072389e+00
  -9.6717320e+00  -8.3171476e+00
  -9.7395538e+00  -1.2134682e+01
  -9.7997899e+00  -1.0308834e+01
  -9.8526823e+00  -1.1167802e+01
  -9.8984776e+00  -8.5130223e+00
  -9.9391819e+00  -9.4034250e+00
  -9.9737253e+00  -1.1883721e+01
  -1.0004166e+01  -8.8866893e+00
  -1.0028120e+01  -1.0401408e+01
  -1.0049412e+01  -1.0814708e+01
  -1.0067064e+01  -9.1898361e+00
  -1.0080143e+01  -9.8509074e+00
  -1.0092603e+01  -6.9872000e+00
  -1.0105425e+01  -1.1224558e+01
  -1.0116630e+01  -1.0362630e+01
  -1.0128791e+01  -1.1988268e+01
  -1.0144599e+01  -1.2936874e+01
  -1.0163800e+01  -6.2404074e-02
  -1.0186243e+01  -1.2939760e+01
  -1.0214914e+01  -1.1575357e+01
  -1.0252850e+01  -7.7137367e+00
  -1.0300039e+01  -9.4567294e+00
  -1.0357818e+01  -8.7830511e+00
  -1.0427439e+01  -1.0293570e+01
  -1.0510023e+01  -1.0986874e+01
  -1.0606505e+01  -9.0246432e+00
  -1.0717588e+01  -1.3780948e+01
  -1.0843704e+01  -9.4832832e+00
  -1.0984980e+01  -1.0996859e+01
  -1.1141219e+01  -9.7886606e+00
  -1.1311890e+01  -8.8383354e+00
  -1.1496133e+01  -1.2425458e+01
  -1.1692772e+01  -9.8603729e+00
  -1.1900343e+01  -1.4225975e+01
  -1.2115364e+01  -1.1625577e+01
  -1.2337197e+01  -1.0612671e+01
  -1.2563671e+01  -1.4574956e+01
  -1.2790730e+01  -1.3524326e+01
  -1.3019096e+01  -1.5555420e+01
  -1.3245059e+01  -1.3637262e+01
  -1.3464975e+01  -1.4037365e+01
  -1.3678385e+01  -1.3495319e+01
  -1.3883237e+01  -1.1864154e+01
  -1.4077700e+01  -1.3104120e+01
  -1.4260194e+01  -1.4004542e+01
  -1.4430786e+01  -1.4313159e+01
  -1.4586767e+01  -1.6284333e+01
  -1.4727487e+01  -1.3730041e+01
  -1.4850805e+01  -1.4212492e+01
  -1.4959288e+01  -1.5511815e+01
  -1.5051310e+01  -1.5907984e+01
  -1.5127236e+01  -1.6483199e+01
  -1.5187626e+01  -1.3765762e+01
  -1.5233207e+01  -1.6463109e+01
  -1.5264846e+01  -1.6714029e+01
  -1.5283522e+01  -1.6041677e+01
  -1.5290692e+01  -1.8376561e+01
  -1.5287877e+01  -1.3095622e+01
  -1.5274882e+01  -1.6278617e+01
  -1.5254599e+01  -1.5542104e+01
  -1.5226795e+01  -1.5779139e+01
  -1.5194294e+01  -1.6199897e+01
  -1.5158140e+01  -1.4146269e+01
  -1.5117974e+01  -1.4114727e+01
  -1.5073317e+01  -1.3171856e+01
  -1.5026223e+01  -1.4624188e+01
  -1.4978603e+01  -1.6630784e+01
  -1.4929545e+01  -1.3496098e+01
  -1.4881118e+01  -1.4954043e+01
  -1.4831769e+01  -1.4329164e+01
  -1.4782914e+01  -1.5935731e+01
  -1.4731353e+01  -1.4071954e+01
  -1.4679902e+01  -1.1548045e+01
  -1.4628132e+01  -1.3352412e+01
  -1.4573749e+01  -1.3114952e+01
  -1.4515657e+01  -1.2785125e+01
  -1.4452578e+01  -1.7586617e+01
  -1.4384834e+01  -1.4421319e+01
  -1.4309534e+01  -1.6910084e+01
  -1.4225020e+01  -1.4086212e+01
  -1.4129521e+01  -1.3248312e+01
  -1.4022946e+01  -1.5730318e+01
  -1.3902086e+01  -1.2328909e+01
  -1.3765084e+01  -1.5463714e+01
  -1.3610094e+01  -1.4225948e+01
  -1.3436682e+01  -1.2815559e+01
  -1.3243194e+01  -1.5760937e+01
  -1.3028551e+01  -1.0830267e+01
  -1.2793263e+01  -1.4460157e+01
  -1.2533659e+01  -1.0992313e+01
  -1.2251178e+01  -1.2685060e+01
  -1.1945799e+01  -1.4652532e+01
  -1.1617838e+01  -9.1783393e+00
  -1.1267961e+01  -1.2065470e+01
  -1.0897187e+01  -9.6497447e+00
  -1.0506890e+01  -1.1035807e+01
  -1.0098791e+01  -1.1299201e+01
  -9.6749387e+00  -8.2183115e+00
  -9.2376838e+00  -1.1548218e+01
  -8.7910213e+00  -8.0502269e+00
  -8.3343365e+00  -6.2703186e+00
  -7.8720058e+00  -8.5318802e+00
  -7.4071317e+00  -5.1963972e+00
  -6.9428569e+00  -7.1393722e+00
  -6.4823026e+00  -8.4589562e+00
  -6.0267336e+00  -6.6096970e+00
  -5.5803204e+00  -8.2463358e+00
  -5.1442681e+00  -3.0244961e+00
  -4.7225746e+00  -6.9300844e+00
  -4.3171612e+00  -4.1089037e+00
  -3.9296082e+00  -2.7728850e+00
  -3.5593590e+00  -4.3923021e+00
  -3.2085324e+00  -1.8146609e-01
  -2.8774845e+00  -2.7677042e+00
  -2.5679685e+00  -2.9781553e+00
  -2.2797112e+00   3.7790336e-01
  -2.0118251e+00  -4.2376621e+00
  -1.7636410e+00   9.6186990e-01
  -1.5329930e+00  -1.9220460e+00
  -1.3189462e+00  -3.1413302e+00
  -1.1236298e+00  -2.3457507e+00
  -9.4480448e-01  -2.1075445e+00
  -7.8172861e-01   7.8480651e-01
  -6.3383165e-01   2.3871460e-01
  -4.9937789e-01   7.5899071e-01
  -3.8130353e-01  -1.0071555e+00
  -2.7796599e-01  -3.2922017e+00
  -1.9111228e-01  -8.5109879e-01
  -1.1828278e-01   1.0664085e+00
  -6.3423576e-02   1.8379775e-02
  -2.5818040e-02   1.6634471e+00
  -6.2420112e-03  -1.4870691e+00
  -5.9280736e-03   8.5772329e-01
  -2.6115685e-02   8.1139638e-01
  -6.7600274e-02   8.0110385e-01
  -1.3283931e-01   1.7958953e+00
  -2.2106804e-01  -1.7223090e+00
  -3.3308364e-01   1.7220490e+00
  -4.6806885e-01  -1.0407614e+00
  -6.2800860e-01  -1.4969524e+00
  -8.1148016e-01  -6.4518462e-01
  -1.0180890e+00  -1.2036446e+00
  -1.2471019e+00  -1.7128550e+00
  -1.4974620e+00  -4.0482544e+00
  -1.7695829e+00  -1.8161774e+00
  -2.0605546e+00  -8.0500794e-01
  -2.3686181e+00  -2.9563952e+00
  -2.6936028e+00  -3.2520101e+00
  -3.0321440e+00  -2.0961040e+00
  -3.3821640e+00  -5.0609169e+00
  -3.7433113e+00  -3.5665256e+00
  -4.1153192e+00  -3.8058358e+00
  -4.4932172e+00  -1.5666845e+00
  -4.8752508e+00  -7.8141097e+00
  -5.2615337e+00  -3.7160996e+00
  -5.6492429e+00  -5.9209837e+00
  -6.0384426e+00  -9.9307122e+00
  -6.4262786e+00  -5.8146131e+00
  -6.8118016e+00  -8.0632912e+00
  -7.1941897e+00  -8.1128425e+00
  -7.5727376e+00  -7.3801074e+00
  -7.9450697e+00  -1.1843223e+01
  -8.3133177e+00  -5.4057513e+00
  -8.6752221e+00  -8.4049716e+00
  -9.0303076e+00  -9.2478698e+00
  -9.3767188e+00  -9.7689217e+00
  -9.7156409e+00  -1.1205673e+01
  -1.0044689e+01  -7.6350746e+00
  -1.0363119e+01  -1.0309292e+01
  -1.0670051e+01  -9.1133439e+00
  -1.0964065e+01  -9.0885218e+00
  -1.1243994e+01  -1.0414948e+01
  -1.1508929e+01  -1.1973566e+01
  -1.1759228e+01  -1.3786094e+01
  -1.1990343e+01  -1.0282119e+01
  -1.2203876e+01  -1.1576569e+01
  -1.2395212e+01  -1.5136280e+01
  -1.2565957e+01  -1.2410686e+01
  -1.2711565e+01  -1.4633635e+01
  -1.2833786e+01  -1.3279536e+01
  -1.2930064e+01  -1.1448682e+01
  -1.2999377e+01  -1.3961541e+01
  -1.3042269e+01  -1.1345954e+01
  -1.3056828e+01  -6.3656528e+00
  -1.3044514e+01  -1.1105119e+01
  -1.3005350e+01  -1.3171186e+01
  -1.2940087e+01  -1.2519635e+01
  -1.2849821e+01  -1.3115058e+01
  -1.2734222e+01  -1.1629107e+01
  -1.2596352e+01  -1.2898121e+01
  -1.2436449e+01  -1.0110280e+01
  -1.2258100e+01  -1.1861457e+01
  -1.2061613e+01  -9.4712866e+00
  -1.1850566e+01  -1.0893619e+01
  -1.1627328e+01  -1.0705688e+01
  -1.1393001e+01  -1.1301272e+01
  -1.1151814e+01  -1.2015424e+01
  -1.0904475e+01  -9.2773148e+00
  -1.0653339e+01  -1.3201395e+01
  -1.0402359e+01  -8.5683600e+00
  -1.0151817e+01  -9.2901915e+00
  -9.9034999e+00  -1.2682429e+01
  -9.6592949e+00  -9.9099524e+00
  -9.4203709e+00  -9.7925217e+00
  -9.1889298e+00  -9.1996443e+00
  -8.9623813e+00  -7.8364765e+00
  -8.7422041e+00  -1.1691042e+01
  -8.5277412e+00  -7.2865485e+00
  -8.3179756e+00  -1.0527730e+01
  -8.1133147e+00  -9.0920544e+00
  -7.9107892e+00  -8.6353064e+00
  -7.7085243e+00  -7.9398757e+00
  -7.5057785e+00  -4.8631150e+00
  -7.3003214e+00  -8.2296668e+00
  -7.0884832e+00  -5.4799061e+00
  -6.8696461e+00  -7.8898602e+00
  -6.6401007e+00  -7.5193927e+00
  -6.3993079e+00  -3.3399849e+00
  -6.1468963e+00  -8.4913173e+00
  -5.8796540e+00  -7.6292999e+00
  -5.5977797e+00  -2.9042762e+00
  -5.2983198e+00  -4.7571622e+00
  -4.9804169e+00  -2.3111026e+00
  -4.6439544e+00  -6.6766897e+00
  -4.2891800e+00  -2.6092157e+00
  -3.9180904e+00  -2.3262980e+00
  -3.5317664e+00  -5.5536369e+00
  -3.1317385e+00  -1.7431429e+00
  -2.7181971e+00  -3.6352369e+00
  -2.2947905e+00  -5.7122143e-01
  -1.8623775e+00  -1.4040753e+00
  -1.4238074e+00  -2.6199041e+00
  -9.8346906e-01   8.9771708e-01
  -5.4456671e-01  -2.9397954e+00
  -1.0905798e-01  -1.7631603e+00
   3.1974227e-01   2.1470130e+00
   7.3859914e-01  -1.5077726e+00
   1.1457941e+00   2.2826857e+00
   1.5367461e+00   1.5924679e+00
   1.9088924e+00   2.7252317e+00
   2.2599661e+00   2.0640861e+00
   2.5862666e+00  -4.5557330e-01
   2.8875162e+00   3.3943965e+00
   3.1610704e+00   1.2869286e+00
   3.4077411e+00   2.4159039e+00
   3.6269740e+00   2.4870596e+00
   3.8168393e+00   3.6587410e+00
   3.9788369e+00   4.6392000e+00
   4.1120585e+00   3.7359710e+00
   4.2171943e+00   5.7045950e+00
   4.2964946e+00   4.2647804e+00
   4.3496883e+00   3.6876378e+00
   4.3779790e+00   7.2686302e+00
   4.3857743e+00   3.8367615e+00
   4.3717796e+00   5.2735536e+00
   4.3392119e+00   5.0806892e+00
   4.2881962e+00   4.7187974e+00
   4.2205749e+00   4.2459012e+00
   4.1381256e+00   2.2144240e+00
   4.0425563e+00   5.2912038e+00
   3.9368759e+00   3.1070047e+00
   3.8209581e+00   8.1861994e-01
   3.6963700e+00   5.8884040e+00
   3.5646075e+00   3.4219935e+00
   3.4284759e+00   4.4077834e+00
   3.2858866e+00   2.6834822e+00
   3.1408844e+00   3.8448155e+00
   2.9930017e+00   3.7934434e+00
   2.8448315e+00   2.7588327e+00
   2.6971898e+00   9.9133893e+00
   2.5491012e+00   4.8217132e+00
   2.4026072e+00   2.5830372e+00
   2.2551660e+00   3.5204266e+00
   2.1102735e+00  -5.4537738e-01
   1.9664138e+00   4.4283001e-01
   1.8250169e+00   1.4770075e+00
   1.6842401e+00   1.0199535e+00
   1.5465363e+00   3.7451972e+00
   1.4080085e+00   1.5310372e-01
   1.2694421e+00   1.3231094e-01
   1.1301137e+00   7.0166292e-01
   9.8741831e-01   1.7032960e+00
   8.4172614e-01   8.1444502e-01
   6.9020966e-01   1.7442533e+00
   5.3445536e-01  -1.3083236e+00
   3.7163027e-01   2.8036831e+00
   2.0072517e-01   3.7011126e-01
   2.0828937e-02  -5.4572241e-01
  -1.6882727e-01  -7.1624001e-01
  -3.6882985e-01  -2.2039100e+00
  -5.7954808e-01   1.1033696e+00
  -8.0110646e-01  -9.1510304e-01
  -1.0319920e+00  -7.8433199e-01
  -1.2734822e+00  -1.6753739e+00
  -1.5230471e+00  -2.0523804e+00
  -1.7809510e+00  -2.9160169e+00
  -2.0440573e+00  -3.7219425e+00
  -2.3106754e+00   8.2884214e-01
  -2.5788199e+00  -2.1714591e+00
  -2.8458500e+00  -1.8617781e+00
  -3.1075239e+00  -4.1425682e+00
  -3.3642433e+00  -5.2152297e+00
  -3.6114429e+00  -1.4590580e+00
  -3.8444677e+00  -5.4984663e+00
  -4.0648249e+00  -2.9043959e+00
  -4.2661391e+00  -2.2358276e+00
  -4.4452293e+00  -4.4306145e+00
  -4.6007765e+00  -2.7006623e+00
  -4.7285402e+00  -7.2064673e+00
  -4.8258337e+00  -4.2553815e+00
  -4.8919574e+00  -2.5601159e+00
  -4.9234033e+00  -4.0727747e+00
  -4.9183198e+00  -5.1392352e+00
  -4.8751570e+00  -4.4432768e+00
  -4.7944520e+00  -6.0845333e+00
  -4.6740114e+00  -4.6498918e+00
  -4.5137489e+00  -7.3738163e+00
  -4.3156931e+00  -2.1649447e+00
  -4.0787643e+00  -4.5773593e+00
  -3.8035916e+00  -4.6241047e+00
  -3.4928840e+00  -2.1435882e+00
  -3.1451988e+00  -6.1321297e+00
  -2.7655522e+00   2.5698409e-01
  -2.3547512e+00  -3.8124790e+00
  -1.9151708e+00  -1.2816860e+00
  -1.4493416e+00   4.4052508e-01
  -9.6168083e-01  -2.8776771e+00
  -4.5362545e-01   8.5101692e+00
   7.1970983e-02  -6.6431225e-01
   6.1225336e-01   1.3526460e+00
   1.1626338e+00   1.0286945e+01
   1.7202807e+00  -1.3244380e+00
   2.2837554e+00   1.9100075e+00
   2.8486045e+00   3.2884454e+00
