   7.8500000e+01   7.4484495e+01
   7.8500000e+01   8.4838209e+01
   7.8500000e+01   8.7063290e+01
   7.8500000e+01   7.4315669e+01
   7.8500000e+01   6.7351297e+01
   7.8500000e+01   7.8763239e+01
   7.8500000e+01   7.8941650e+01
   7.8500000e+01   8.6682302e+01
   7.8500000e+01   8.5309106e+01
   7.8500000e+01   7.3907358e+01
   7.8500000e+01   7.2449083e+01
   7.8500000e+01   7.2350333e+01
   7.8500000e+01   8.0282490e+01
   7.8500000e+01   8.6841823e+01
   7.8500000e+01   8.2090693e+01
   7.8500000e+01   7.0654789e+01
   7.8500000e+01   7.7294455e+01
   7.8500000e+01   7.5320895e+01
   7.8500000e+01   7.8962012e+01
   7.8500000e+01   7.7151044e+01
   7.8500000e+01   8.2560691e+01
   7.8500000e+01   7.7106645e+01
   7.8500000e+01   7.4525604e+01
   7.8500000e+01   7.2586671e+01
   7.8500000e+01   7.8718281e+01
   7.8500000e+01   8.0751018e+01
   7.8500000e+01   8.6271428e+01
   7.8500012e+01   7.3359667e+01
   7.8504875e+01   7.2924607e+01
   7.8550341e+01   7.3751014e+01
   7.8641262e+01   8.4312434e+01
   7.8782465e+01   8.3706242e+01
   7.9000024e+01   8.1059090e+01
   7.9227273e+01   7.8858402e+01
   7.9454521e+01   7.6568797e+01
   7.9672081e+01   8.0484901e+01
   7.9813295e+01   7.6837809e+01
   7.9909079e+01   8.5411784e+01
   8.0000024e+01   8.4142330e+01
   8.0100658e+01   7.7505798e+01
   8.0282477e+01   7.8232640e+01
   8.0545551e+01   8.5972209e+01
   8.0847358e+01   8.8445684e+01
   8.1363708e+01   8.2643033e+01
   8.1909091e+01   8.0045502e+01
   8.2454557e+01   7.8044136e+01
   8.3004863e+01   7.6552954e+01
   8.3590909e+01   8.3040107e+01
   8.4176884e+01   9.2082861e+01
   8.4698037e+01   8.7485473e+01
   8.4980441e+01   8.4122127e+01
   8.5076261e+01   8.0011911e+01
   8.5040448e+01   8.2842378e+01
   8.4910770e+01   8.8335242e+01
   8.4454449e+01   8.8530197e+01
   8.3959408e+01   8.7053249e+01
   8.3500096e+01   8.5674214e+01
   8.3079517e+01   8.0600487e+01
   8.2918924e+01   8.0530912e+01
   8.2873458e+01   9.3608960e+01
   8.2938303e+01   8.7788688e+01
   8.3232531e+01   8.7901199e+01
   8.3722249e+01   8.2228207e+01
   8.5196754e+01   8.2203101e+01
   8.6918864e+01   8.1921131e+01
   8.8732183e+01   9.3300389e+01
   9.0600682e+01   1.0099943e+02
   9.2560007e+01   9.6002991e+01
   9.4612110e+01   9.2566513e+01
   9.6509665e+01   8.9858696e+01
   9.8454581e+01   9.4094933e+01
   1.0041397e+02   9.7432258e+01
   1.0241364e+02   1.0724262e+02
   1.0432336e+02   1.0435846e+02
   1.0531130e+02   1.0667021e+02
   1.0645467e+02   1.0192219e+02
   1.0764606e+02   1.0540209e+02
   1.0889937e+02   1.1577416e+02
   1.1008115e+02   1.0974434e+02
   1.1117690e+02   1.1429475e+02
   1.1221266e+02   1.0610003e+02
   1.1313145e+02   1.0624077e+02
   1.1399510e+02   1.1292980e+02
   1.1480844e+02   1.2067065e+02
   1.1554530e+02   1.1794687e+02
   1.1621929e+02   1.1942382e+02
   1.1651932e+02   1.1747181e+02
   1.1690913e+02   1.0950096e+02
   1.1731331e+02   1.1309349e+02
   1.1767694e+02   1.2128669e+02
   1.1799999e+02   1.2463600e+02
   1.1831812e+02   1.1925953e+02
   1.1861203e+02   1.1231048e+02
   1.1871750e+02   1.1441406e+02
   1.1873208e+02   1.1872662e+02
   1.1875815e+02   1.2146955e+02
   1.1868172e+02   1.1984439e+02
   1.1856662e+02   1.2018665e+02
   1.1828269e+02   1.1411232e+02
   1.1816706e+02   1.1269657e+02
   1.1895972e+02   1.1706601e+02
   1.1991398e+02   1.2279454e+02
   1.2091404e+02   1.2253410e+02
   1.2198381e+02   1.1854957e+02
   1.2330198e+02   1.2257413e+02
   1.2486374e+02   1.2009429e+02
   1.2646911e+02   1.2190868e+02
   1.2817212e+02   1.3135628e+02
   1.2981322e+02   1.3684694e+02
   1.3137960e+02   1.2882823e+02
   1.3260562e+02   1.3318235e+02
   1.3290393e+02   1.2692053e+02
   1.3304543e+02   1.3202996e+02
   1.3317694e+02   1.3492046e+02
   1.3326776e+02   1.4018201e+02
   1.3327924e+02   1.2999384e+02
   1.3299017e+02   1.2933064e+02
   1.3258605e+02   1.2445455e+02
   1.3214605e+02   1.3226865e+02
   1.3176304e+02   1.3870131e+02
   1.3132302e+02   1.3042074e+02
   1.3090910e+02   1.2893058e+02
   1.3049999e+02   1.2715506e+02
   1.3008605e+02   1.3274225e+02
   1.2963638e+02   1.3396841e+02
   1.2919159e+02   1.3703170e+02
   1.2883770e+02   1.3018371e+02
   1.2865593e+02   1.2424035e+02
   1.2866565e+02   1.2384493e+02
   1.2893352e+02   1.2412466e+02
   1.2942861e+02   1.3573377e+02
   1.3009582e+02   1.3738388e+02
   1.3081819e+02   1.3554630e+02
   1.3154543e+02   1.3214066e+02
   1.3226295e+02   1.2702776e+02
   1.3288948e+02   1.2961293e+02
   1.3331009e+02   1.3830972e+02
   1.3331315e+02   1.4161195e+02
   1.3321261e+02   1.3703120e+02
   1.3297559e+02   1.3216748e+02
   1.3252107e+02   1.3228418e+02
   1.3185870e+02   1.3180781e+02
   1.3113145e+02   1.3859631e+02
   1.3034904e+02   1.3496238e+02
   1.2945453e+02   1.3244970e+02
   1.2855523e+02   1.2029940e+02
   1.2774686e+02   1.2784904e+02
   1.2713473e+02   1.2149606e+02
   1.2686863e+02   1.3170724e+02
   1.2669156e+02   1.3003446e+02
   1.2659099e+02   1.2311404e+02
   1.2652434e+02   1.2315028e+02
   1.2664615e+02   1.2342124e+02
   1.2686370e+02   1.3141128e+02
   1.2710550e+02   1.3204022e+02
   1.2745458e+02   1.3323255e+02
   1.2781823e+02   1.2792083e+02
   1.2820127e+02   1.2795540e+02
   1.2872732e+02   1.2826642e+02
   1.2927272e+02   1.3024158e+02
   1.2981331e+02   1.3494159e+02
   1.3031325e+02   1.3929638e+02
   1.3074837e+02   1.2878650e+02
   1.3098534e+02   1.2871640e+02
   1.3108600e+02   1.2502820e+02
   1.3113148e+02   1.3039072e+02
   1.3113148e+02   1.3863126e+02
   1.3108596e+02   1.3621800e+02
   1.3097081e+02   1.3230447e+02
   1.3063629e+02   1.2377614e+02
   1.3027273e+02   1.3038777e+02
   1.2990910e+02   1.3255378e+02
   1.2955032e+02   1.3439803e+02
   1.2922728e+02   1.3697386e+02
   1.2890910e+02   1.3081147e+02
   1.2859574e+02   1.1684250e+02
   1.2830358e+02   1.2696428e+02
   1.2789932e+02   1.2802773e+02
   1.2740422e+02   1.3149570e+02
   1.2686849e+02   1.2709464e+02
   1.2636365e+02   1.2829815e+02
   1.2586364e+02   1.2462627e+02
   1.2536364e+02   1.2518886e+02
   1.2486362e+02   1.3016100e+02
   1.2435876e+02   1.3064469e+02
   1.2381328e+02   1.2741032e+02
   1.2321757e+02   1.2054870e+02
   1.2256003e+02   1.1718160e+02
   1.2200491e+02   1.2228464e+02
   1.2150487e+02   1.2422002e+02
   1.2104544e+02   1.2461761e+02
   1.2058117e+02   1.2070886e+02
   1.2004053e+02   1.1592358e+02
   1.1943993e+02   1.1481514e+02
   1.1872234e+02   1.2569106e+02
   1.1793991e+02   1.1831527e+02
   1.1703085e+02   1.1833974e+02
   1.1600967e+02   1.1706179e+02
   1.1503578e+02   1.1066230e+02
   1.1400968e+02   1.0743769e+02
   1.1303575e+02   1.1401671e+02
   1.1199999e+02   1.1864049e+02
   1.1095935e+02   1.1171982e+02
   1.0993028e+02   1.0839273e+02
   1.0874181e+02   1.0035396e+02
   1.0764130e+02   1.0384695e+02
   1.0660540e+02   1.0772347e+02
   1.0563803e+02   1.1233464e+02
   1.0433924e+02   1.0493270e+02
   1.0282785e+02   1.0278342e+02
   1.0136368e+02   9.6178477e+01
   9.9918828e+01   1.0044985e+02
   9.8550245e+01   1.0071394e+02
   9.7188431e+01   1.0041979e+02
   9.5564809e+01   9.8300748e+01
   9.4045503e+01   9.0891756e+01
   9.2545479e+01   9.1951106e+01
   9.1055360e+01   8.6334941e+01
   8.9709400e+01   8.6729516e+01
   8.8938471e+01   9.3295315e+01
   8.8464355e+01   9.4833791e+01
   8.8095808e+01   8.7956785e+01
   8.7777602e+01   8.3279721e+01
   8.7500108e+01   9.0177191e+01
   8.7266198e+01   8.7911832e+01
   8.7328003e+01   9.3105112e+01
   8.7500024e+01   8.7293292e+01
   8.7681842e+01   8.2638959e+01
   8.7873374e+01   8.1850221e+01
   8.8141250e+01   8.7955205e+01
   8.8454557e+01   9.7555864e+01
   8.8772715e+01   9.6130114e+01
   8.9086046e+01   8.7713437e+01
   8.9363588e+01   8.5561002e+01
   8.9621776e+01   8.3047010e+01
   8.9772679e+01   8.7348765e+01
   8.9904228e+01   9.6867660e+01
   8.9999988e+01   9.5975089e+01
   9.0090873e+01   9.4309046e+01
   9.0167206e+01   8.8332719e+01
   9.0126590e+01   8.2992649e+01
   8.9995101e+01   9.1850649e+01
   8.9813379e+01   8.9614780e+01
   8.9620097e+01   9.6668348e+01
   8.9646221e+01   9.2071799e+01
   8.9797077e+01   8.9053278e+01
   9.0141298e+01   8.1357938e+01
   9.0550341e+01   8.9625480e+01
   9.1004875e+01   9.5280253e+01
   9.1500012e+01   9.6182600e+01
   9.2000012e+01   9.4629082e+01
   9.2504875e+01   9.0225424e+01
   9.3050329e+01   9.0784737e+01
   9.3636304e+01   9.4485847e+01
   9.4198073e+01   1.0375024e+02
   9.4535597e+01   9.7605390e+01
   9.4748390e+01   9.4425167e+01
   9.4772667e+01   8.8393708e+01
   9.4772715e+01   9.0735565e+01
   9.4767877e+01   9.7881546e+01
   9.4732135e+01   9.5805392e+01
   9.4732135e+01   9.8949770e+01
   9.4767865e+01   9.1319960e+01
   9.4767865e+01   9.2290102e+01
   9.4732123e+01   8.5413241e+01
   9.4727285e+01   9.0405797e+01
   9.4727297e+01   1.0451161e+02
   9.4736998e+01   9.7475858e+01
   9.4818206e+01   8.7072779e+01
   9.4909091e+01   8.4890105e+01
   9.4999988e+01   9.1800297e+01
   9.5086034e+01   9.8137089e+01
   9.5131477e+01   1.0113425e+02
   9.5131489e+01   1.0101160e+02
   9.5090885e+01   9.3680941e+01
   9.5040592e+01   8.9820141e+01
   9.4954557e+01   9.5689060e+01
   9.4873374e+01   1.0372910e+02
   9.4868535e+01   9.9938749e+01
   9.4913966e+01   9.6321289e+01
   9.5000000e+01   9.5176499e+01
   9.5086058e+01   8.8603809e+01
   9.5141214e+01   8.8851352e+01
   9.5227297e+01   9.8094953e+01
   9.5323044e+01   1.0097027e+02
   9.5454569e+01   9.7437034e+01
   9.5595784e+01   8.8818792e+01
   9.5777602e+01   8.9143863e+01
   9.6000036e+01   9.2718122e+01
   9.6236998e+01   1.0274700e+02
   9.6545479e+01   1.0090836e+02
   9.6863648e+01   9.9748767e+01
   9.7186633e+01   9.5129612e+01
   9.7526016e+01   9.2299632e+01
   9.7727225e+01   9.1158162e+01
   9.7909103e+01   1.0304300e+02
   9.8095760e+01   1.0473174e+02
   9.8313331e+01   9.6369493e+01
   9.8500096e+01   9.4227704e+01
   9.8725558e+01   9.3019032e+01
   9.9263098e+01   1.0436710e+02
   9.9767805e+01   1.0405763e+02
   1.0021267e+02   1.0504607e+02
   1.0054545e+02   9.7088071e+01
   1.0087824e+02   9.4147990e+01
   1.0132310e+02   9.3208332e+01
   1.0182791e+02   1.0464033e+02
   1.0240426e+02   1.0887471e+02
   1.0295940e+02   1.0432711e+02
   1.0354535e+02   1.1127137e+02
   1.0408780e+02   1.0208992e+02
   1.0429694e+02   1.0186947e+02
   1.0464622e+02   1.1163822e+02
   1.0512019e+02   1.0259605e+02
   1.0585256e+02   1.0900210e+02
   1.0697096e+02   1.0535184e+02
   1.0901631e+02   1.0470468e+02
   1.1194531e+02   1.0564325e+02
   1.1500158e+02   1.1843030e+02
   1.1877613e+02   1.1708534e+02
   1.2300011e+02   1.2626128e+02
   1.2726783e+02   1.2645566e+02
   1.3148539e+02   1.2637227e+02
   1.3558600e+02   1.3399979e+02
   1.3963143e+02   1.3974910e+02
   1.4361177e+02   1.5026035e+02
   1.4730178e+02   1.4858663e+02
   1.5006973e+02   1.4241311e+02
   1.5191345e+02   1.4599263e+02
   1.5358944e+02   1.4960071e+02
   1.5459071e+02   1.5445586e+02
   1.5550974e+02   1.6198531e+02
   1.5650492e+02   1.5846696e+02
   1.5756004e+02   1.5360873e+02
   1.5872242e+02   1.5216778e+02
   1.5985388e+02   1.6333857e+02
   1.6089934e+02   1.6784109e+02
   1.6186362e+02   1.6613936e+02
   1.6282307e+02   1.6432624e+02
   1.6382797e+02   1.6472080e+02
   1.6492846e+02   1.6555299e+02
   1.6613807e+02   1.6850902e+02
   1.6703075e+02   1.6990577e+02
   1.6776773e+02   1.7066817e+02
   1.6841563e+02   1.7129706e+02
   1.6877263e+02   1.6213634e+02
   1.6909091e+02   1.6135415e+02
   1.6940920e+02   1.6802954e+02
   1.6977108e+02   1.7686036e+02
   1.7047413e+02   1.7533351e+02
   1.7137347e+02   1.7210830e+02
   1.7238795e+02   1.7138067e+02
   1.7358126e+02   1.7006350e+02
   1.7473211e+02   1.7163038e+02
   1.7590914e+02   1.8295956e+02
   1.7710549e+02   1.8257960e+02
   1.7840423e+02   1.7751239e+02
   1.7966722e+02   1.7377923e+02
   1.8081801e+02   1.7533170e+02
   1.8190096e+02   1.8276585e+02
   1.8255180e+02   1.8490555e+02
   1.8283421e+02   1.8494248e+02
   1.8280034e+02   1.7709686e+02
   1.8226768e+02   1.7586884e+02
   1.8162655e+02   1.7612413e+02
   1.8087983e+02   1.8415787e+02
   1.7988471e+02   1.8916104e+02
   1.7868177e+02   1.8497534e+02
   1.7745938e+02   1.7875923e+02
   1.7626301e+02   1.7333107e+02
   1.7499995e+02   1.7370081e+02
   1.7371756e+02   1.7809642e+02
   1.7236850e+02   1.7516912e+02
   1.7105516e+02   1.7623390e+02
   1.6980349e+02   1.6379907e+02
   1.6840096e+02   1.6525728e+02
   1.6656618e+02   1.6166017e+02
   1.6438312e+02   1.6415077e+02
   1.6126927e+02   1.6489887e+02
   1.5768170e+02   1.5590247e+02
   1.5404545e+02   1.5115445e+02
   1.5040915e+02   1.4878055e+02
   1.4679704e+02   1.4420830e+02
   1.4336371e+02   1.4803793e+02
   1.3995942e+02   1.4535697e+02
   1.3659593e+02   1.4177648e+02
   1.3333122e+02   1.2943354e+02
   1.3055397e+02   1.2658997e+02
   1.2836369e+02   1.3452338e+02
   1.2728111e+02   1.3436465e+02
   1.2673229e+02   1.2868604e+02
   1.2628244e+02   1.3057872e+02
   1.2589935e+02   1.1927411e+02
   1.2543987e+02   1.2082071e+02
   1.2483928e+02   1.2508071e+02
   1.2404057e+02   1.3069566e+02
   1.2319631e+02   1.2652866e+02
   1.2242054e+02   1.2434807e+02
   1.2140902e+02   1.2249659e+02
   1.2036850e+02   1.1027051e+02
   1.1936366e+02   1.1613342e+02
   1.1836850e+02   1.2633486e+02
   1.1740915e+02   1.2074895e+02
   1.1647403e+02   1.1604555e+02
   1.1569651e+02   1.1394418e+02
   1.1506982e+02   1.1769391e+02
   1.1464129e+02   1.1136227e+02
   1.1427282e+02   1.1619473e+02
   1.1394332e+02   1.1756339e+02
   1.1394152e+02   1.1300615e+02
   1.1454565e+02   1.1011093e+02
   1.1522714e+02   1.1064490e+02
   1.1585554e+02   1.2075793e+02
   1.1606644e+02   1.1818067e+02
   1.1603563e+02   1.2007030e+02
   1.1589448e+02   1.1731864e+02
   1.1563633e+02   1.1185049e+02
   1.1536364e+02   1.1031014e+02
   1.1509092e+02   1.1729321e+02
   1.1482286e+02   1.1883125e+02
   1.1451797e+02   1.1565784e+02
   1.1367678e+02   1.1560734e+02
   1.1272739e+02   1.0714426e+02
   1.1182624e+02   1.0741310e+02
   1.1132805e+02   1.1146891e+02
   1.1095932e+02   1.1632292e+02
   1.1059258e+02   1.0851382e+02
   1.0989439e+02   1.0227678e+02
   1.0904541e+02   1.0463397e+02
   1.0817690e+02   1.0217869e+02
   1.0724837e+02   1.0898775e+02
   1.0612170e+02   1.1340849e+02
   1.0485874e+02   1.0946581e+02
   1.0354544e+02   1.0499193e+02
   1.0222732e+02   9.4287198e+01
   1.0092857e+02   1.0195360e+02
   9.9782681e+01   1.0418128e+02
   9.8800333e+01   1.0740056e+02
   9.8402766e+01   1.0030669e+02
   9.8383243e+01   9.7183990e+01
   9.8569912e+01   9.7232896e+01
   9.8993531e+01   9.6821491e+01
   9.9737118e+01   1.0220649e+02
   1.0060062e+02   1.0126236e+02
   1.0153072e+02   1.0189489e+02
   1.0229551e+02   9.9316764e+01
   1.0254041e+02   9.5786861e+01
   1.0267692e+02   1.0257906e+02
   1.0276298e+02   1.0591541e+02
   1.0276785e+02   1.0585431e+02
   1.0273209e+02   1.0507007e+02
   1.0271266e+02   1.0078010e+02
   1.0257630e+02   1.0179957e+02
   1.0232301e+02   9.9382081e+01
   1.0209096e+02   1.0620673e+02
   1.0187839e+02   1.0788875e+02
   1.0184084e+02   9.7333791e+01
   1.0231837e+02   1.0344971e+02
   1.0287336e+02   9.9720551e+01
   1.0349999e+02   1.0280183e+02
   1.0412174e+02   1.1197546e+02
   1.0462182e+02   1.0939808e+02
   1.0503400e+02   1.0411832e+02
   1.0568189e+02   9.8798409e+01
   1.0635877e+02   9.7639861e+01
   1.0699996e+02   1.0565435e+02
   1.0762660e+02   1.1060114e+02
   1.0816719e+02   1.1271190e+02
   1.0858594e+02   1.0858881e+02
   1.0892526e+02   1.0160879e+02
   1.0900641e+02   1.0855201e+02
   1.0874341e+02   1.1287455e+02
   1.0820765e+02   1.1282129e+02
   1.0746104e+02   1.0728649e+02
   1.0640412e+02   1.0667147e+02
   1.0526784e+02   9.9878676e+01
   1.0408606e+02   9.8636835e+01
   1.0287337e+02   1.0630937e+02
   1.0173703e+02   1.0829792e+02
   1.0068675e+02   9.8430760e+01
   9.9701365e+01   1.0236166e+02
   9.8897759e+01   8.7490029e+01
   9.8378344e+01   9.1632012e+01
   9.8014624e+01   1.0487380e+02
   9.7772751e+01   1.0365971e+02
   9.7540604e+01   9.7798950e+01
   9.7277590e+01   9.3889643e+01
   9.7050329e+01   9.4401369e+01
   9.6863696e+01   9.3016179e+01
   9.6701305e+01   1.0313063e+02
   9.6696490e+01   1.0354372e+02
   9.6832866e+01   9.7634321e+01
   9.7115522e+01   9.3836589e+01
   9.7697960e+01   9.1162788e+01
   9.9096036e+01   9.5899530e+01
   1.0063639e+02   1.0351533e+02
   1.0218668e+02   1.0979634e+02
   1.0377263e+02   1.0336742e+02
   1.0531985e+02   9.9743340e+01
   1.0653557e+02   9.9216238e+01
   1.0761683e+02   1.0421649e+02
   1.0852105e+02   1.1296894e+02
   1.0920770e+02   1.1655006e+02
   1.0970267e+02   1.1308317e+02
   1.0990270e+02   1.0705910e+02
   1.0936826e+02   1.0439606e+02
   1.0877275e+02   1.0829661e+02
   1.0818673e+02   1.1393251e+02
   1.0765593e+02   1.1432082e+02
   1.0731656e+02   1.0930239e+02
   1.0732803e+02   9.6215973e+01
   1.0745947e+02   1.0367523e+02
   1.0765100e+02   1.0599411e+02
   1.0796922e+02   1.1139839e+02
   1.0842859e+02   1.1705701e+02
   1.0905037e+02   1.0517269e+02
   1.0972730e+02   9.9764468e+01
   1.1041400e+02   1.0775796e+02
   1.1115579e+02   1.1262298e+02
   1.1203093e+02   1.1574484e+02
   1.1282301e+02   1.1840031e+02
   1.1363638e+02   1.1320586e+02
   1.1445455e+02   1.1059216e+02
   1.1527272e+02   1.1176272e+02
   1.1608601e+02   1.1954507e+02
   1.1684904e+02   1.2097511e+02
   1.1749995e+02   1.2046695e+02
   1.1813149e+02   1.1718215e+02
   1.1872235e+02   1.1475119e+02
   1.1925326e+02   1.1510589e+02
   1.1963630e+02   1.2096419e+02
   1.1999515e+02   1.2183525e+02
   1.2032303e+02   1.2515551e+02
   1.2068184e+02   1.1741656e+02
   1.2105031e+02   1.1416787e+02
   1.2144971e+02   1.2193786e+02
   1.2182308e+02   1.2371331e+02
   1.2224680e+02   1.2842773e+02
   1.2284254e+02   1.2863590e+02
   1.2363641e+02   1.2280484e+02
   1.2444967e+02   1.1921390e+02
   1.2522241e+02   1.2394399e+02
   1.2595938e+02   1.3562333e+02
   1.2672245e+02   1.3085893e+02
   1.2746423e+02   1.2899441e+02
   1.2826305e+02   1.2519593e+02
   1.2900976e+02   1.2726014e+02
   1.2984252e+02   1.3017444e+02
   1.3086364e+02   1.3618402e+02
   1.3188484e+02   1.3723282e+02
   1.3275153e+02   1.4081854e+02
   1.3377280e+02   1.3201947e+02
   1.3482303e+02   1.2797192e+02
   1.3590426e+02   1.3256588e+02
   1.3696425e+02   1.3664386e+02
   1.3808608e+02   1.4765141e+02
   1.3918666e+02   1.3610321e+02
   1.4031326e+02   1.3864078e+02
   1.4137988e+02   1.3912877e+02
   1.4221748e+02   1.3857420e+02
   1.4295452e+02   1.5377838e+02
   1.4368185e+02   1.4898359e+02
   1.4442370e+02   1.4864068e+02
   1.4528251e+02   1.4146753e+02
   1.4623702e+02   1.4335297e+02
   1.4727276e+02   1.4575989e+02
   1.4832316e+02   1.5334740e+02
   1.4945774e+02   1.5305623e+02
   1.5095958e+02   1.4455580e+02
   1.5256488e+02   1.4754755e+02
   1.5430363e+02   1.5185444e+02
   1.5594959e+02   1.5591503e+02
   1.5752096e+02   1.6374291e+02
   1.5884089e+02   1.5788213e+02
   1.5961185e+02   1.5548184e+02
   1.6012167e+02   1.5543784e+02
   1.6048045e+02   1.5625640e+02
   1.6065719e+02   1.6460171e+02
   1.6052916e+02   1.6443086e+02
   1.5952248e+02   1.5902903e+02
   1.5787487e+02   1.5773073e+02
   1.5590413e+02   1.5274368e+02
   1.5385871e+02   1.5373217e+02
   1.5175337e+02   1.5699582e+02
   1.4954370e+02   1.5748340e+02
   1.4763160e+02   1.5214929e+02
   1.4572242e+02   1.4240076e+02
   1.4378246e+02   1.3758874e+02
   1.4191897e+02   1.4034355e+02
   1.4018998e+02   1.4754840e+02
   1.3890753e+02   1.4006923e+02
   1.3800010e+02   1.3724382e+02
   1.3713149e+02   1.3640885e+02
   1.3622245e+02   1.3411157e+02
   1.3529218e+02   1.3317890e+02
   1.3450491e+02   1.3792954e+02
   1.3377275e+02   1.3782950e+02
   1.3305032e+02   1.3253808e+02
   1.3236364e+02   1.2081225e+02
   1.3167696e+02   1.2601345e+02
   1.3095452e+02   1.3188170e+02
   1.3022240e+02   1.4195866e+02
   1.2944969e+02   1.2928345e+02
   1.2864610e+02   1.2642552e+02
   1.2791884e+02   1.2223829e+02
   1.2727276e+02   1.2040085e+02
   1.2664126e+02   1.2524661e+02
   1.2606007e+02   1.2493622e+02
   1.2559581e+02   1.2911112e+02
   1.2518185e+02   1.2268942e+02
   1.2478244e+02   1.2163211e+02
   1.2444972e+02   1.2097710e+02
   1.2409580e+02   1.2853670e+02
   1.2378729e+02   1.3349242e+02
   1.2357635e+02   1.2736464e+02
   1.2326780e+02   1.1800860e+02
   1.2289934e+02   1.1872028e+02
   1.2244966e+02   1.2345731e+02
   1.2195451e+02   1.2350871e+02
   1.2144477e+02   1.2756821e+02
   1.2084414e+02   1.2088412e+02
   1.2008110e+02   1.2247976e+02
   1.1921270e+02   1.1543406e+02
   1.1824182e+02   1.1429627e+02
   1.1736371e+02   1.1475040e+02
   1.1651459e+02   1.1945170e+02
   1.1577270e+02   1.1509992e+02
   1.1502114e+02   1.1086433e+02
   1.1409084e+02   1.1014113e+02
   1.1313152e+02   1.1349069e+02
   1.1214611e+02   1.1555194e+02
   1.1124191e+02   1.1645362e+02
   1.1046434e+02   1.1342882e+02
   1.0978733e+02   1.1455981e+02
   1.0922242e+02   1.0530913e+02
   1.0862655e+02   1.0750378e+02
   1.0792535e+02   1.1608159e+02
   1.0700001e+02   1.1211157e+02
   1.0607951e+02   1.0530400e+02
   1.0541405e+02   1.0456489e+02
   1.0482306e+02   9.8994103e+01
   1.0427275e+02   1.0394215e+02
   1.0373216e+02   1.1021348e+02
   1.0323705e+02   1.1030977e+02
   1.0283287e+02   9.8649530e+01
   1.0257473e+02   9.1443486e+01
   1.0256992e+02   9.5940688e+01
   1.0280684e+02   1.0744860e+02
   1.0332313e+02   1.0824999e+02
   1.0390907e+02   1.0783534e+02
   1.0448540e+02   1.0401773e+02
   1.0494963e+02   1.0368260e+02
   1.0535876e+02   1.0212857e+02
   1.0572724e+02   1.0746861e+02
   1.0608116e+02   1.0433379e+02
   1.0635382e+02   1.0987680e+02
   1.0651618e+02   1.0594708e+02
   1.0642525e+02   9.9196285e+01
   1.0607139e+02   1.0214997e+02
   1.0554541e+02   1.0467536e+02
   1.0500004e+02   1.1236502e+02
   1.0446916e+02   1.0640156e+02
   1.0405524e+02   1.0672583e+02
   1.0373707e+02   9.8766222e+01
   1.0351947e+02   1.0278333e+02
   1.0345459e+02   1.1185425e+02
   1.0340915e+02   1.0852107e+02
   1.0338799e+02   1.1105887e+02
   1.0356016e+02   9.8502147e+01
   1.0388796e+02   1.0439742e+02
   1.0439943e+02   9.7835212e+01
   1.0486360e+02   1.0679632e+02
   1.0531331e+02   1.0932293e+02
   1.0572239e+02   1.0495407e+02
   1.0608599e+02   9.9753093e+01
   1.0638963e+02   1.0332878e+02
   1.0654543e+02   9.9969052e+01
   1.0669154e+02   1.0534863e+02
   1.0690914e+02   1.1528589e+02
   1.0714609e+02   1.0928007e+02
   1.0745461e+02   1.0565473e+02
   1.0778732e+02   1.0012275e+02
   1.0822732e+02   1.0579631e+02
   1.0868668e+02   1.1279463e+02
   1.0918184e+02   1.1459565e+02
   1.0968670e+02   1.1659603e+02
   1.1023702e+02   1.0494204e+02
   1.1086856e+02   1.0557576e+02
   1.1156005e+02   1.1281325e+02
   1.1236365e+02   1.1885276e+02
   1.1317207e+02   1.1200614e+02
   1.1389933e+02   1.1366060e+02
   1.1454056e+02   1.0865786e+02
   1.1513148e+02   1.1043453e+02
   1.1567693e+02   1.1659579e+02
   1.1617692e+02   1.2155649e+02
   1.1662659e+02   1.2457342e+02
   1.1698536e+02   1.1864236e+02
   1.1721739e+02   1.1394207e+02
   1.1731478e+02   1.1577002e+02
   1.1696266e+02   1.1824865e+02
   1.1594948e+02   1.1635719e+02
   1.1481817e+02   1.1936927e+02
   1.1368183e+02   1.0840371e+02
   1.1255033e+02   1.1135821e+02
   1.1145943e+02   1.0109076e+02
   1.1041391e+02   1.0939106e+02
   1.0938479e+02   1.1431645e+02
   1.0818177e+02   1.1191968e+02
   1.0695947e+02   1.1167134e+02
   1.0579721e+02   1.0120831e+02
   1.0488147e+02   9.9394955e+01
   1.0445956e+02   1.0746406e+02
   1.0413638e+02   1.0535916e+02
   1.0381813e+02   1.0887686e+02
   1.0348055e+02   1.0268826e+02
   1.0299994e+02   9.6910261e+01
   1.0249520e+02   9.7441952e+01
   1.0197883e+02   1.0024803e+02
   1.0163151e+02   1.0095669e+02
   1.0125326e+02   1.0292017e+02
   1.0072722e+02   1.0093005e+02
   1.0018182e+02   9.3049907e+01
   9.9636256e+01   1.0171104e+02
   9.9047121e+01   9.8790956e+01
   9.8126518e+01   1.0954901e+02
   9.7085974e+01   9.7418208e+01
   9.5980513e+01   9.3599271e+01
   9.4717499e+01   9.4032301e+01
   9.3363612e+01   9.4934919e+01
   9.2000036e+01   9.2666029e+01
   9.0650940e+01   9.7827248e+01
   8.9404228e+01   8.7901767e+01
   8.8121764e+01   7.9817036e+01
   8.6727345e+01   8.3799395e+01
   8.5361970e+01   7.8627959e+01
   8.4328075e+01   8.1336590e+01
   8.3433476e+01   8.8096249e+01
   8.2746819e+01   8.8147341e+01
   8.2241921e+01   8.2250525e+01
   8.1868559e+01   7.2628124e+01
   8.1555204e+01   8.0730147e+01
   8.1323056e+01   8.7584235e+01
   8.1131549e+01   8.8701992e+01
   8.0923667e+01   8.6232535e+01
   8.0818218e+01   8.1531881e+01
   8.0727273e+01   7.8772031e+01
   8.0636364e+01   7.6048962e+01
   8.0545455e+01   8.4886201e+01
   8.0454545e+01   8.0696344e+01
   8.0363636e+01   8.4062849e+01
   8.0272727e+01   8.1117423e+01
   8.0181818e+01   6.9955693e+01
   8.0090933e+01   8.2911377e+01
   8.0009725e+01   8.3505406e+01
   8.0000024e+01   8.2611223e+01
   8.0000000e+01   7.6706030e+01
   8.0000000e+01   7.9141405e+01
   8.0000000e+01   7.7297037e+01
   8.0000000e+01   8.0580304e+01
   8.0000000e+01   8.6007024e+01
   8.0000000e+01   8.6684509e+01
   8.0000000e+01   7.6147998e+01
   8.0000000e+01   7.2773043e+01
   8.0000000e+01   7.8642771e+01
   8.0000000e+01   8.6302104e+01
   8.0000000e+01   8.8661973e+01
   8.0000000e+01   8.2840309e+01
   8.0000000e+01   7.4164068e+01
