   0.0000000e+00   0.0000000e+00
   1.0000000e-07   1.9270147e-01
   2.0000000e-07   1.8762843e-01
   3.0000000e-07   1.5354257e-01
   4.0000000e-07   1.0645024e-01
   5.0000000e-07   5.5979548e-02
   6.0000000e-07   1.0026659e-02
   7.0000000e-07  -2.5387900e-02
   8.0000000e-07  -4.6697772e-02
   9.0000000e-07  -5.3096608e-02
   1.0000000e-06  -4.6393001e-02
   1.1000000e-06  -3.0424316e-02
   1.2000000e-06  -1.0150608e-02
   1.3000000e-06   9.3845240e-03
   1.4000000e-06   2.4019197e-02
   1.5000000e-06   3.1182181e-02
   1.6000000e-06   3.0224223e-02
   1.7000000e-06   2.2333717e-02
   1.8000000e-06   1.0085604e-02
   1.9000000e-06  -3.2554087e-03
   2.0000000e-06  -1.4513216e-02
   2.1000000e-06  -2.1290048e-02
   2.2000000e-06  -2.2427567e-02
   2.3000000e-06  -1.8157590e-02
   2.4000000e-06  -9.9330654e-03
   2.5000000e-06  -4.4875556e-17
   2.6000000e-06   9.1762605e-03
   2.7000000e-06   1.5492256e-02
   2.8000000e-06   1.7664190e-02
   2.9000000e-06   1.5467129e-02
   3.0000000e-06   9.7154587e-03
   3.1000000e-06   2.0053317e-03
   3.2000000e-06  -5.7073574e-03
   3.3000000e-06  -1.1586665e-02
   3.4000000e-06  -1.4339960e-02
   3.5000000e-06  -1.3490163e-02
   3.6000000e-06  -9.4420290e-03
   3.7000000e-06  -3.3381193e-03
   3.8000000e-06   3.2508482e-03
   3.9000000e-06   8.7203453e-03
   4.0000000e-06   1.1814367e-02
   4.1000000e-06   1.1906512e-02
   4.2000000e-06   9.1184999e-03
   4.3000000e-06   4.2557752e-03
   4.4000000e-06  -1.4161947e-03
   4.5000000e-06  -6.4948647e-03
   4.6000000e-06  -9.7819141e-03
   4.7000000e-06  -1.0561129e-02
   4.8000000e-06  -8.7495122e-03
   4.9000000e-06  -4.8909002e-03
   5.0000000e-06  -4.5098817e-17
   5.1000000e-06   4.7000358e-03
   5.2000000e-06   8.0796931e-03
   5.3000000e-06   9.3711430e-03
   5.4000000e-06   8.3394198e-03
   5.5000000e-06   5.3193236e-03
   5.6000000e-06   1.1140732e-03
   5.7000000e-06  -3.2150616e-03
   5.8000000e-06  -6.6138476e-03
   5.9000000e-06  -8.2893439e-03
   6.0000000e-06  -7.8925852e-03
   6.1000000e-06  -5.5881396e-03
   6.2000000e-06  -1.9975091e-03
   6.3000000e-06   1.9659280e-03
   6.4000000e-06   5.3272148e-03
   6.5000000e-06   7.2877894e-03
   6.6000000e-06   7.4134887e-03
   6.7000000e-06   5.7287230e-03
   6.8000000e-06   2.6968832e-03
   6.9000000e-06  -9.0493309e-04
   7.0000000e-06  -4.1835249e-03
   7.1000000e-06  -6.3496635e-03
   7.2000000e-06  -6.9067594e-03
   7.3000000e-06  -5.7633305e-03
   7.4000000e-06  -3.2441325e-03
   7.5000000e-06  -5.6976768e-17
   7.6000000e-06   3.1590405e-03
   7.7000000e-06   5.4649057e-03
   7.8000000e-06   6.3771676e-03
   7.9000000e-06   5.7086880e-03
   8.0000000e-06   3.6622134e-03
   8.1000000e-06   7.7128144e-04
   8.2000000e-06  -2.2378392e-03
   8.3000000e-06  -4.6277072e-03
   8.4000000e-06  -5.8295979e-03
   8.5000000e-06  -5.5780441e-03
   8.6000000e-06  -3.9683890e-03
   8.7000000e-06  -1.4251569e-03
   8.8000000e-06   1.4090079e-03
   8.9000000e-06   3.8349978e-03
   9.0000000e-06   5.2690112e-03
   9.1000000e-06   5.3823959e-03
   9.2000000e-06   4.1762235e-03
   9.3000000e-06   1.9738582e-03
   9.4000000e-06  -6.6489779e-04
   9.5000000e-06  -3.0854869e-03
   9.6000000e-06  -4.7004003e-03
   9.7000000e-06  -5.1312428e-03
   9.8000000e-06  -4.2968342e-03
   9.9000000e-06  -2.4269707e-03
   1.0000000e-05   2.5665798e-17
   1.0100000e-05   2.3790305e-03
   1.0200000e-05   4.1287429e-03
   1.0300000e-05   4.8330592e-03
   1.0400000e-05   4.3396981e-03
   1.0500000e-05   2.7923290e-03
   1.0600000e-05   5.8980345e-04
   1.0700000e-05  -1.7161984e-03
   1.0800000e-05  -3.5589526e-03
   1.0900000e-05  -4.4955938e-03
   1.1000000e-05  -4.3131815e-03
   1.1100000e-05  -3.0766162e-03
   1.1200000e-05  -1.1077501e-03
   1.1300000e-05   1.0979686e-03
   1.1400000e-05   2.9958298e-03
   1.1500000e-05   4.1260586e-03
   1.1600000e-05   4.2248914e-03
   1.1700000e-05   3.2857708e-03
   1.1800000e-05   1.5565520e-03
   1.1900000e-05  -5.2550622e-04
   1.2000000e-05  -2.4440135e-03
   1.2100000e-05  -3.7312456e-03
   1.2200000e-05  -4.0819089e-03
   1.2300000e-05  -3.4252654e-03
   1.2400000e-05  -1.9386466e-03
   1.2500000e-05   1.8587360e-17
   1.2600000e-05   1.9079353e-03
   1.2700000e-05   3.3175950e-03
   1.2800000e-05   3.8909424e-03
   1.2900000e-05   3.5002981e-03
   1.3000000e-05   2.2563733e-03
   1.3100000e-05   4.7745994e-04
   1.3200000e-05  -1.3917752e-03
   1.3300000e-05  -2.8912317e-03
   1.3400000e-05  -3.6584255e-03
   1.3500000e-05  -3.5159206e-03
   1.3600000e-05  -2.5120995e-03
   1.3700000e-05  -9.0597409e-04
   1.3800000e-05   8.9942093e-04
   1.3900000e-05   2.4579788e-03
   1.4000000e-05   3.3905758e-03
   1.4100000e-05   3.4771230e-03
   1.4200000e-05   2.7083067e-03
   1.4300000e-05   1.2849025e-03
   1.4400000e-05  -4.3443062e-04
   1.4500000e-05  -2.0233572e-03
   1.4600000e-05  -3.0934258e-03
   1.4700000e-05  -3.3888853e-03
   1.4800000e-05  -2.8476490e-03
   1.4900000e-05  -1.6139152e-03
   1.5000000e-05   3.7509825e-17
   1.5100000e-05   1.5925741e-03
   1.5200000e-05   2.7728339e-03
   1.5300000e-05   3.2562047e-03
   1.5400000e-05   2.9329888e-03
   1.5500000e-05   1.8930282e-03
   1.5600000e-05   4.0106635e-04
   1.5700000e-05  -1.1705073e-03
   1.5800000e-05  -2.4344810e-03
   1.5900000e-05  -3.0841044e-03
   1.6000000e-05  -2.9674150e-03
   1.6100000e-05  -2.1226267e-03
   1.6200000e-05  -7.6637870e-04
   1.6300000e-05   7.6168419e-04
   1.6400000e-05   2.0838572e-03
   1.6500000e-05   2.8776294e-03
   1.6600000e-05   2.9542474e-03
   1.6700000e-05   2.3034776e-03
   1.6800000e-05   1.0939808e-03
   1.6900000e-05  -3.7026066e-04
   1.7000000e-05  -1.7262416e-03
   1.7100000e-05  -2.6418308e-03
   1.7200000e-05  -2.8970297e-03
   1.7300000e-05  -2.4367328e-03
   1.7400000e-05  -1.3823635e-03
   1.7500000e-05   3.0761323e-17
   1.7600000e-05   1.3666771e-03
   1.7700000e-05   2.3817431e-03
   1.7800000e-05   2.7995140e-03
   1.7900000e-05   2.5239248e-03
   1.8000000e-05   1.6304723e-03
   1.8100000e-05   3.4574685e-04
   1.8200000e-05  -1.0099439e-03
   1.8300000e-05  -2.1023554e-03
   1.8400000e-05  -2.6656370e-03
   1.8500000e-05  -2.5669542e-03
   1.8600000e-05  -1.8377104e-03
   1.8700000e-05  -6.6405844e-04
   1.8800000e-05   6.6053091e-04
   1.8900000e-05   1.8085789e-03
   1.9000000e-05   2.4994915e-03
   1.9100000e-05   2.5680712e-03
   1.9200000e-05   2.0039356e-03
   1.9300000e-05   9.5245680e-04
   1.9400000e-05  -3.2260807e-04
   1.9500000e-05  -1.5052119e-03
   1.9600000e-05  -2.3052919e-03
   1.9700000e-05  -2.5298523e-03
   1.9800000e-05  -2.1294525e-03
   1.9900000e-05  -1.2089176e-03
   2.0000000e-05   2.5697840e-17
