  -3.8031360e+04
  -8.5760230e+04
  -4.3885500e+03
   5.4436800e+04
   2.3233780e+03
  -7.0500560e+04
   1.0779830e+04
   5.1868140e+04
  -2.1392270e+04
  -7.7779290e+04
  -1.5311710e+03
   6.2935270e+04
  -2.3282140e+04
  -3.1881490e+04
   1.6030770e+04
   2.1622910e+04
  -1.6159990e+04
  -1.7398600e+04
   2.5018010e+04
   1.8019790e+04
  -1.0261110e+04
  -1.0158750e+04
  -9.7693480e+03
  -3.9041140e+04
  -6.8982280e+03
   4.3420970e+04
   3.0286340e+04
   1.8940710e+04
  -1.9443360e+04
  -3.9536220e+04
  -7.7938590e+03
   1.0952210e+03
   2.5842520e+04
   1.3892040e+04
   3.4975120e+03
   5.1189460e+04
   7.6921860e+04
   8.9746220e+04
   9.3852730e+04
   7.8658700e+04
  -1.4246940e+04
  -1.6399730e+05
  -3.0816710e+05
  -4.1927160e+05
  -3.6845260e+05
  -9.7519880e+04
   2.7562870e+05
   6.2202680e+05
   7.6709860e+05
   5.6593480e+05
   1.8239440e+05
  -2.0852290e+05
  -5.3209210e+05
  -5.8389360e+05
  -3.5008590e+05
  -2.7675210e+04
   2.8522480e+05
   4.7231000e+05
   4.0596080e+05
   1.2530250e+05
  -2.3640370e+05
  -5.6588080e+05
  -6.8031740e+05
  -5.0850210e+05
  -1.8287360e+05
   1.7486080e+05
   4.0999300e+05
   4.2051790e+05
   2.1184750e+05
  -1.0376220e+05
  -3.5361030e+05
  -4.2428880e+05
  -2.4963540e+05
   5.7837000e+04
   3.2765710e+05
   4.6542230e+05
   4.2964990e+05
   2.4163020e+05
  -1.6071370e+04
  -2.1506480e+05
  -3.2017070e+05
  -2.9254390e+05
  -1.2702990e+05
   7.3485040e+04
   2.2252370e+05
   2.6807280e+05
   2.2119820e+05
   7.6108380e+04
  -7.5727720e+04
  -1.2840610e+05
  -1.0839830e+05
   1.6762730e+04
   1.8643190e+05
   3.2336570e+05
   4.1214440e+05
   3.8537190e+05
   2.4660520e+05
   2.3719800e+04
  -2.2823540e+05
  -4.1891000e+05
  -5.1177400e+05
  -4.5777710e+05
  -2.8737730e+05
  -9.7748510e+04
   7.6248270e+04
   1.5048920e+05
   9.4709630e+04
  -1.6809810e+04
  -1.3026640e+05
  -1.9773600e+05
  -1.6317090e+05
  -6.8072950e+04
   1.4568250e+04
   7.3378400e+04
   8.8068160e+04
   7.7902800e+04
   7.9149100e+04
   1.0955890e+05
   1.6779990e+05
   2.1822990e+05
   2.2093100e+05
   1.5042030e+05
   1.7298670e+04
  -1.3319060e+05
  -2.4135950e+05
  -2.6038130e+05
  -1.8015760e+05
  -3.1323460e+04
   1.2888810e+05
   2.4319180e+05
   2.7936090e+05
   2.4010000e+05
   1.5463900e+05
   6.2004200e+04
  -6.1360630e+03
  -3.8438980e+04
  -4.4875030e+04
  -4.6850800e+04
  -6.4833370e+04
  -1.0553240e+05
  -1.5762830e+05
  -1.9973930e+05
  -2.1147940e+05
  -1.8339150e+05
  -1.2189730e+05
  -4.7700890e+04
   1.4763980e+04
   5.0132470e+04
   5.7554890e+04
   4.9164050e+04
   4.0729530e+04
   4.1575130e+04
   5.1090960e+04
   6.1232040e+04
   6.2695890e+04
   5.1123780e+04
   2.9285430e+04
   4.1850890e+03
  -1.5650780e+04
  -2.4174830e+04
  -2.2231170e+04
  -1.3595180e+04
  -1.9120220e+03
   9.6053820e+03
   2.1014970e+04
   3.3654440e+04
   4.7949780e+04
   6.2689280e+04
   7.3449230e+04
   7.5150160e+04
   6.6074950e+04
   4.8172570e+04
   2.5413820e+04
   2.6429060e+03
  -1.5403400e+04
  -2.8618770e+04
  -4.0950970e+04
  -5.4077440e+04
  -7.0229580e+04
  -8.8346010e+04
  -9.9738640e+04
  -9.7750810e+04
  -8.0437580e+04
  -4.8412660e+04
  -7.2796140e+03
   3.2780010e+04
   6.4126800e+04
   8.2863020e+04
   8.5356550e+04
   7.4617340e+04
   5.6214330e+04
   2.9728980e+04
  -1.3021460e+03
  -3.0767430e+04
  -5.8262900e+04
  -8.1296550e+04
  -9.4255850e+04
  -9.5505690e+04
  -8.8215960e+04
  -7.5136980e+04
  -5.6511090e+04
  -3.5436490e+04
  -1.4677720e+04
   7.6667580e+03
   3.1934880e+04
   5.5016990e+04
   7.4079510e+04
   8.6393370e+04
   8.7255610e+04
   7.5148070e+04
   5.5555890e+04
   3.4188450e+04
   1.6043140e+04
   7.8872650e+03
   9.5716110e+03
   1.3511320e+04
   1.4886850e+04
   1.1931990e+04
   4.3127060e+03
  -5.3729820e+03
  -1.1565360e+04
  -9.4633450e+03
  -1.0089350e+03
   1.0040970e+04
   2.1912750e+04
   3.0318930e+04
   3.1702360e+04
   2.6243720e+04
   1.5122700e+04
   4.2368150e+02
  -1.5257490e+04
  -3.0526160e+04
  -4.3750070e+04
  -5.3493330e+04
  -5.9810110e+04
  -6.1751630e+04
  -5.8527050e+04
  -5.2599330e+04
  -4.5852880e+04
  -3.8126390e+04
  -3.1428040e+04
  -2.6538420e+04
  -2.0577040e+04
  -1.0967020e+04
   2.9911700e+03
   2.0187030e+04
   3.6886230e+04
   4.7147960e+04
   4.8983060e+04
   4.4372590e+04
   3.4813570e+04
   2.5046680e+04
   1.9753950e+04
   1.8127480e+04
   1.8025990e+04
   1.8815400e+04
   2.2054610e+04
   2.6663160e+04
   2.8806290e+04
   2.8522890e+04
   2.5273630e+04
   1.7495130e+04
   6.9931580e+03
  -2.8353880e+03
  -8.3517550e+03
  -9.9083030e+03
  -1.0537080e+04
  -1.2469100e+04
  -1.9103660e+04
  -2.9802190e+04
  -3.9678460e+04
  -4.5207170e+04
  -4.3831160e+04
  -3.3453080e+04
  -1.5847860e+04
  -9.6318600e+01
   5.6826010e+03
   1.0103470e+03
  -1.0931650e+04
  -2.5313400e+04
  -3.5227300e+04
  -3.3167480e+04
  -1.8932320e+04
  -1.1935620e+02
   1.8240430e+04
   3.1690020e+04
   3.4136470e+04
   2.7697050e+04
   1.9433320e+04
   1.2649890e+04
   1.0524010e+04
   1.5893770e+04
   2.5433030e+04
   3.1705310e+04
   3.0918050e+04
   2.3630850e+04
   1.1558470e+04
  -2.2569400e+02
  -5.1668940e+03
  -2.4300770e+03
   4.3113420e+03
   1.0587950e+04
   1.0222690e+04
  -9.0649480e+02
  -1.9721410e+04
  -3.7248210e+04
  -4.6658170e+04
  -4.5966450e+04
  -3.3743480e+04
  -1.3713820e+04
   4.0147800e+03
   1.2939070e+04
   1.2491980e+04
   3.2796480e+03
  -1.1334790e+04
  -2.3390410e+04
  -2.6190420e+04
  -1.9325810e+04
  -5.5211980e+03
   1.1840420e+04
   2.6269340e+04
   3.3581200e+04
   3.4564600e+04
   2.9153410e+04
   1.9390780e+04
   1.1030250e+04
   8.9626600e+03
   1.2172430e+04
   1.2768250e+04
   6.9530630e+03
  -3.2291190e+03
  -1.7171260e+04
  -3.0690880e+04
  -3.4803020e+04
  -2.4877880e+04
  -5.4995850e+03
   1.4655770e+04
   2.9140730e+04
   3.1892230e+04
   2.0507900e+04
   1.1213030e+03
  -1.6142980e+04
  -2.2413140e+04
  -1.5433790e+04
  -1.4867740e+03
   1.1248310e+04
   1.9388200e+04
   2.0984950e+04
   1.3594430e+04
   1.8749760e+03
  -6.8456810e+03
  -1.2608050e+04
  -1.6250250e+04
  -1.5085400e+04
  -9.7854650e+03
  -5.2767390e+03
  -5.6145160e+03
  -9.6152570e+03
  -1.2996190e+04
  -1.5129320e+04
  -1.5314360e+04
  -1.0133470e+04
  -3.1780170e+03
  -1.9315190e+00
   9.3484840e+02
  -7.7524820e+02
  -6.0884640e+03
  -1.0564170e+04
  -1.2971850e+04
  -1.3894030e+04
  -1.0313150e+04
  -7.2864180e+02
   1.2623140e+04
   2.3576420e+04
   2.7763050e+04
   2.6176070e+04
   2.0206130e+04
   1.3067920e+04
   8.2938870e+03
   6.8190980e+03
   6.5814330e+03
   4.8974900e+03
   4.3565990e+03
   6.2169030e+03
   9.8888720e+03
   1.5049420e+04
   1.5345370e+04
   8.7333050e+03
  -1.0985980e+03
  -1.2186120e+04
  -1.8897090e+04
  -1.6933470e+04
  -7.4470910e+03
   6.2656740e+03
   1.8552840e+04
   2.2933990e+04
   1.6020160e+04
   2.1932570e+03
  -1.2123410e+04
  -2.3319230e+04
  -2.7841470e+04
  -2.5306310e+04
  -1.7878170e+04
  -7.9152760e+03
   6.6069570e+02
   3.1419840e+03
  -1.2403730e+03
  -6.7423920e+03
  -9.5063030e+03
  -9.2946380e+03
  -5.8878610e+03
  -2.3748700e+03
   3.3568590e+02
   4.0964690e+03
   5.9379310e+03
   4.6172970e+03
   4.9837790e+03
   8.9849330e+03
   1.2602830e+04
   1.3910780e+04
   1.3570020e+04
   8.3794020e+03
  -2.0345010e+03
  -1.1635890e+04
  -1.6745190e+04
  -1.5819930e+04
  -8.8116300e+03
   6.7839170e+02
   1.0674610e+04
   1.7582930e+04
   1.5291120e+04
   5.3665880e+03
  -5.3954320e+03
  -1.1671210e+04
  -1.1844850e+04
  -7.5821780e+03
  -1.8201590e+03
   1.9230680e+03
   2.8355660e+03
   1.3897340e+03
  -1.2943100e+03
  -2.6868200e+03
  -4.1185790e+03
  -7.7845670e+03
  -1.1501670e+04
  -1.3918020e+04
  -1.4836990e+04
  -1.1762410e+04
  -3.1595350e+03
   8.7244200e+03
   1.8932960e+04
   2.3396540e+04
   2.1887210e+04
   1.6411350e+04
   9.5454750e+03
   5.3242470e+03
   6.1601670e+03
   9.7958580e+03
   1.3025620e+04
   1.4513510e+04
   1.2533010e+04
   5.1000640e+03
  -5.0617610e+03
  -1.1473760e+04
  -1.1487660e+04
  -6.6097610e+03
   1.0717610e+03
   6.8321950e+03
   5.0562730e+03
  -3.8670180e+03
  -1.4942780e+04
  -2.2722350e+04
  -2.3602140e+04
  -1.8590460e+04
  -9.6085940e+03
   3.5980710e+01
   4.6837350e+03
   3.2709860e+03
  -2.3419650e+03
  -1.1106750e+04
  -1.8245550e+04
  -1.7875620e+04
  -1.1786380e+04
  -5.6820770e+03
  -9.0368820e+02
   3.2224720e+03
   5.1864670e+03
   3.1766120e+03
  -1.7476710e+03
  -5.5756490e+03
  -5.1452980e+03
   5.8182430e+02
   1.0447860e+04
   1.9498740e+04
   2.3260430e+04
   2.1157330e+04
   1.3901580e+04
   4.8115860e+03
  -1.1420010e+03
  -4.3128630e+03
  -5.0963840e+03
  -9.3699280e+01
   7.8001160e+03
   1.2529820e+04
   1.4063720e+04
   1.1747490e+04
   3.7103340e+03
  -5.2168390e+03
  -8.8709460e+03
  -7.0316970e+03
  -2.7668170e+03
   2.8994480e+03
   1.0034320e+04
   1.4474220e+04
   1.2731240e+04
   8.3627320e+03
   4.0350450e+03
  -9.0801870e+02
  -4.6150280e+03
  -5.8378180e+03
  -4.9217650e+03
  -2.2458150e+03
  -1.1750070e+03
  -4.3900500e+03
  -9.3150900e+03
  -1.2639190e+04
  -1.4136750e+04
  -1.3956450e+04
  -1.1244130e+04
  -8.5188020e+03
  -8.8880780e+03
  -1.0117750e+04
  -1.1297200e+04
  -1.3979220e+04
  -1.4986390e+04
  -1.1728240e+04
  -7.5151640e+03
  -4.8197030e+03
  -2.3393320e+03
   8.6817400e+02
   3.9282600e+03
   7.4611320e+03
   1.3366640e+04
   1.9040970e+04
   2.0862710e+04
   1.8952500e+04
   1.3714640e+04
   7.2664120e+03
   3.6533020e+03
   3.2670650e+03
   4.9320870e+03
   8.7354360e+03
   1.1592150e+04
   1.1079450e+04
   1.0141670e+04
   9.4923060e+03
   6.1273150e+03
   8.8697920e+02
  -2.7582410e+03
  -4.3991500e+03
  -5.3508020e+03
  -4.4044760e+03
  -5.3153820e+02
   2.0941490e+03
   4.5481800e+02
  -2.9537830e+03
  -6.2430280e+03
  -8.8479410e+03
  -9.0929590e+03
  -6.5377580e+03
  -3.2922170e+03
  -1.2637610e+03
  -1.1252920e+03
  -4.6030610e+03
  -1.1988210e+04
  -1.9565300e+04
  -2.3708290e+04
  -2.1814270e+04
  -1.2545290e+04
  -4.5162340e+02
   7.4956020e+03
   9.9826030e+03
   9.7964150e+03
   8.1443630e+03
   4.9677870e+03
   2.6029280e+03
   2.4089760e+03
   2.2391590e+03
   1.4912900e+03
   1.1412080e+03
   1.7976610e+03
   4.4898770e+03
   9.0806290e+03
   1.2471070e+04
   1.1872660e+04
   7.6281090e+03
   9.2669340e+02
  -6.3035130e+03
  -1.1399820e+04
  -1.2823730e+04
  -1.0078540e+04
  -3.6376310e+03
   4.1525070e+03
   9.3528170e+03
   1.0491180e+04
   8.9609610e+03
   5.7653700e+03
   2.5195030e+03
   6.7442270e+02
   4.6614680e+02
   1.3872230e+03
   2.4212120e+03
   2.5696910e+03
   3.9687210e+02
  -3.3577230e+03
  -6.6609110e+03
  -8.9376380e+03
  -8.1244910e+03
  -3.4579140e+03
   2.1322190e+03
   6.7657080e+03
   9.1243610e+03
   7.8797910e+03
   2.6719790e+03
  -4.8686120e+03
  -1.0152930e+04
  -1.1691980e+04
  -1.0267910e+04
  -4.9572720e+03
   9.1360760e+02
   2.8361640e+03
   2.1327490e+03
   2.9337880e+02
  -3.2617110e+03
  -6.0908750e+03
  -5.4895460e+03
  -2.9557410e+03
  -6.2515720e+02
   9.0072060e+02
   1.2275620e+03
   5.9118320e+02
  -4.7717880e+02
  -8.0296120e+02
   1.6309430e+03
   6.0215750e+03
   1.0171730e+04
   1.3502700e+04
   1.3603040e+04
   9.1659040e+03
   3.4128240e+03
  -1.0028950e+03
  -2.8333090e+03
  -1.4799140e+03
   1.2599870e+03
   2.8717700e+03
   2.6765020e+03
   9.0140530e+02
  -2.3673590e+03
  -5.2906460e+03
  -5.3191510e+03
  -2.6172500e+03
   5.1354900e+02
   2.8706430e+03
   4.2733750e+03
   2.8277090e+03
  -2.9622370e+03
  -1.0222020e+04
  -1.4686920e+04
  -1.5651310e+04
  -1.3156370e+04
  -6.4880470e+03
   6.7906710e+02
   3.1519340e+03
   5.5610530e+02
  -4.8417800e+03
  -1.1017290e+04
  -1.4554760e+04
  -1.1469670e+04
  -2.8397930e+03
   6.4861140e+03
   1.4333390e+04
   1.9039930e+04
   1.8202320e+04
   1.3362490e+04
   7.9571990e+03
   3.3059620e+03
   3.8019050e+02
   6.0752230e+02
   3.5105900e+03
   7.4604000e+03
   1.0160810e+04
   8.6779490e+03
   2.8044910e+03
  -5.5520070e+03
  -1.2714840e+04
  -1.4284970e+04
  -9.6070640e+03
  -8.7759970e+02
   8.3130620e+03
   1.3622390e+04
   1.2726020e+04
   7.1754990e+03
  -3.7195450e+02
  -7.8441750e+03
  -1.0890350e+04
  -8.2533420e+03
  -4.4455860e+03
  -2.9779930e+03
  -4.2094110e+03
  -6.8581850e+03
  -1.0113160e+04
  -1.2093390e+04
  -1.0030070e+04
  -5.4974060e+03
  -1.5515030e+03
   1.6187130e+03
   3.6505020e+03
   4.2055780e+03
   3.3588260e+03
   8.9581900e+02
  -7.8408680e+02
   1.0978270e+03
   5.1202050e+03
   8.2399020e+03
   9.7129800e+03
   9.0089500e+03
   5.3901500e+03
   1.5709550e+02
  -4.9247110e+03
  -8.8289410e+03
  -1.0265490e+04
  -7.7147570e+03
  -1.6570630e+03
   4.9892040e+03
   9.9496310e+03
   1.2661560e+04
   1.3693520e+04
   1.3108740e+04
   9.6275010e+03
   4.8713750e+03
   2.6013690e+03
   2.7632550e+03
   2.6128610e+03
   1.2785640e+03
  -3.8924490e+02
  -2.1105380e+03
  -4.1164580e+03
  -6.1398280e+03
  -6.2785100e+03
  -3.6352290e+03
  -1.1534030e+03
  -4.3698770e+02
  -1.0525270e+03
  -4.1160040e+03
  -9.2084520e+03
  -1.3380880e+04
  -1.5056440e+04
  -1.4479510e+04
  -1.0651330e+04
  -4.1019210e+03
   7.0431650e+02
   6.0719350e+02
  -3.1436210e+03
  -7.8906420e+03
  -1.1254040e+04
  -9.4805450e+03
  -2.2636360e+03
   5.4320610e+03
   1.0240700e+04
   1.1112370e+04
   7.4369960e+03
   1.6560370e+03
  -9.7658060e+02
   1.4134370e+03
   6.1375630e+03
   1.1490720e+04
   1.6935930e+04
   1.9209390e+04
   1.5633420e+04
   9.0620910e+03
   2.2192970e+03
  -4.4332220e+03
  -7.4986540e+03
  -4.8817120e+03
   2.8220390e+02
   4.8436340e+03
   8.8849880e+03
   1.1420470e+04
   9.1667260e+03
   3.4327960e+03
  -2.0991040e+03
  -7.4166940e+03
  -1.1525040e+04
  -1.1660530e+04
  -8.6072050e+03
  -6.0565000e+03
  -5.5119050e+03
  -5.5860550e+03
  -6.7917450e+03
  -9.4367570e+03
  -9.9519520e+03
  -7.0120550e+03
  -3.3359780e+03
  -1.9912500e+02
   2.1237100e+03
   1.9169760e+03
  -2.6860740e+02
  -2.2595880e+03
  -3.8864190e+03
  -3.7273260e+03
   1.6894230e+00
   5.2110380e+03
   8.9172640e+03
   1.1218610e+04
   1.2333380e+04
   1.0076830e+04
   5.0162940e+03
   1.8239650e+02
  -3.9211660e+03
  -6.5815720e+03
  -6.3464310e+03
  -3.5643590e+03
  -1.4588140e+02
   1.0746320e+03
  -1.0512690e+02
  -9.4733610e+02
  -5.9616460e+02
   6.7553340e+02
   3.8221920e+03
   8.3255040e+03
   1.1868840e+04
   1.3054290e+04
   1.1278860e+04
   6.0727240e+03
  -1.2175950e+03
  -7.7160160e+03
  -1.1481360e+04
  -1.1857510e+04
  -1.0094900e+04
  -8.7417910e+03
  -8.7315990e+03
  -9.1664010e+03
  -9.7248530e+03
  -1.0957320e+04
  -1.1855720e+04
  -1.0559150e+04
  -6.2443860e+03
   1.6143800e+02
   6.8986090e+03
   1.2445400e+04
   1.4240460e+04
   1.1196680e+04
   5.8884440e+03
   1.2278200e+03
  -1.5885560e+03
  -1.3676650e+03
   1.4983890e+03
   4.5780650e+03
   6.9417190e+03
   7.2647190e+03
   4.6289530e+03
   6.3369700e+02
  -2.5534790e+03
  -2.8828320e+03
  -5.0441500e+02
   3.3243040e+03
   7.5803740e+03
   9.8557300e+03
   8.5259160e+03
   4.9897250e+03
   1.7048840e+03
  -7.2633110e+02
  -1.7160850e+03
  -1.7679710e+02
   2.1305960e+03
   2.9103290e+03
   1.4775290e+03
  -1.9181180e+03
  -6.4990870e+03
  -1.1373140e+04
  -1.3926910e+04
  -1.3007850e+04
  -1.0313710e+04
  -6.2860000e+03
  -1.1972630e+03
   3.8244020e+03
   7.4829240e+03
   8.6471290e+03
   7.5642200e+03
   4.3485560e+03
  -5.0228960e+02
  -4.7383970e+03
  -7.1032240e+03
  -7.5046940e+03
  -6.0125220e+03
  -3.7740410e+03
  -2.4896510e+03
  -2.5243650e+03
  -3.1575080e+03
  -3.8965070e+03
  -3.6530670e+03
  -1.2759240e+03
   2.7294220e+03
   7.2060140e+03
   1.1716010e+04
   1.4698930e+04
   1.3860360e+04
   9.6459400e+03
   4.3965480e+03
  -4.7811630e+02
  -3.7520190e+03
  -3.9551410e+03
  -2.1329350e+03
  -3.5796230e+02
   9.5585130e+02
   2.7179320e+02
  -3.4607810e+03
  -7.6824890e+03
  -1.0263530e+04
  -1.0968360e+04
  -9.0125330e+03
  -4.3693200e+03
   1.0903700e+03
   5.6370900e+03
   8.4781720e+03
   9.1759800e+03
   8.4265600e+03
   7.5699870e+03
   6.3126040e+03
   4.2302780e+03
   2.8689300e+03
   2.3479430e+03
   3.1334490e+02
  -3.0692920e+03
  -5.0777850e+03
  -5.2519840e+03
  -4.7081270e+03
  -2.6050430e+03
   7.3958920e+02
   2.5007010e+03
   2.6733100e+03
   2.3212990e+03
   1.6484230e+02
  -3.4324540e+03
  -6.2283670e+03
  -7.9059390e+03
  -8.8239600e+03
  -8.5092130e+03
  -6.5657710e+03
  -3.4850940e+03
  -2.2954800e+02
   2.8537040e+03
   4.7912220e+03
   4.9759140e+03
   4.8474410e+03
   5.4429910e+03
   5.3416570e+03
   3.4308370e+03
   1.7805700e+03
   1.5883490e+03
   1.6491830e+03
   1.8492250e+03
   2.4630090e+03
   2.3216960e+03
  -1.0960070e+02
  -3.9619010e+03
  -7.4178890e+03
  -9.9378700e+03
  -9.5701680e+03
  -4.6682370e+03
   2.7068210e+03
   9.7477580e+03
   1.4832010e+04
   1.6176460e+04
   1.2914340e+04
   6.2183060e+03
  -9.2213770e+02
  -5.5686840e+03
  -7.5810220e+03
  -7.6889940e+03
  -6.5994950e+03
  -6.0226120e+03
  -6.7475180e+03
  -8.2335790e+03
  -9.3237550e+03
  -9.2370100e+03
  -7.9304960e+03
  -5.3283580e+03
  -2.2241330e+03
   1.5765520e+02
   1.2218880e+03
   1.0990940e+03
   3.3532590e+02
  -8.4115730e+02
  -1.1828070e+03
   5.4245620e+02
   3.0898920e+03
   5.4869140e+03
   7.9480420e+03
   9.1565860e+03
   7.6930750e+03
   4.3806320e+03
   7.3222220e+02
  -2.7245990e+03
  -4.4564710e+03
  -2.4571990e+03
   2.3001620e+03
   7.3017970e+03
   1.1357690e+04
   1.4250050e+04
   1.4878870e+04
   1.2491980e+04
   8.3421700e+03
   3.5155560e+03
  -1.4544730e+03
  -4.5837700e+03
  -4.6939790e+03
  -4.1271220e+03
  -4.1166420e+03
  -3.6690890e+03
  -3.2031040e+03
  -3.4077290e+03
  -4.2236230e+03
  -4.9514120e+03
  -5.5905520e+03
  -6.5280270e+03
  -6.9862580e+03
  -7.1827500e+03
  -8.1622780e+03
  -9.1181940e+03
  -8.2301970e+03
  -6.0441500e+03
  -4.1972110e+03
  -2.0232950e+03
   5.2457890e+02
   1.7008760e+03
   2.1254400e+03
   3.0627410e+03
   3.3487990e+03
   2.6073550e+03
   2.3551880e+03
   2.1134080e+03
   1.0613040e+02
  -2.0669720e+03
  -2.0542410e+03
  -7.0524570e+02
   1.3615250e+03
   4.8525980e+03
   8.6775780e+03
   1.1377260e+04
   1.2730910e+04
   1.2493700e+04
   9.6895030e+03
   4.3548510e+03
  -4.3470100e+02
  -2.9746060e+03
  -3.6940320e+03
  -2.0529330e+03
   3.8046510e+02
   1.1121500e+03
   6.8499560e+01
  -2.0913860e+03
  -5.0140920e+03
  -7.8124970e+03
  -8.7085930e+03
  -7.2409250e+03
  -4.6229790e+03
  -1.4019810e+03
   1.4480320e+03
   1.9355030e+03
  -2.7809470e+02
  -3.4606140e+03
  -6.3803220e+03
  -8.6099800e+03
  -9.0090480e+03
  -6.8214710e+03
  -2.9140060e+03
   9.5465030e+02
   3.5237360e+03
   4.8835260e+03
   5.5225410e+03
   5.7211210e+03
   5.6419020e+03
   4.5033770e+03
   2.3008140e+03
   3.6454700e+02
  -8.3227500e+02
  -1.3907080e+03
  -1.1049940e+03
  -4.0876770e+01
   1.0549810e+03
   2.4360170e+03
   4.3042200e+03
   5.3951410e+03
   5.5945540e+03
   5.5858240e+03
   4.7916220e+03
   3.0196370e+03
   1.6488000e+03
   1.5009100e+03
   2.0321300e+03
   2.6551220e+03
   2.7624260e+03
   1.4606030e+03
  -1.1709420e+03
  -3.7682300e+03
  -5.1931560e+03
  -5.0822990e+03
  -3.4207160e+03
  -1.0436350e+03
   4.0656270e+02
  -4.8501590e+00
  -1.9118410e+03
  -4.8669900e+03
  -7.9955050e+03
  -9.6264180e+03
  -8.8093100e+03
  -5.6442080e+03
  -1.5322700e+03
   1.6772480e+03
   3.0783460e+03
   2.5949410e+03
   7.5549200e+02
  -1.3356060e+03
  -2.4638730e+03
  -1.9659420e+03
   4.5555930e+01
   2.3110420e+03
   3.3606000e+03
   2.7655830e+03
   7.9682450e+02
  -2.0128170e+03
  -4.3685680e+03
  -4.6975180e+03
  -2.9720110e+03
  -8.2764510e+01
   3.2684500e+03
   5.7524570e+03
   6.5198780e+03
   6.3860800e+03
   6.3988250e+03
   6.4832720e+03
   6.0847580e+03
   5.4641080e+03
   5.1139320e+03
   4.9487880e+03
   5.0364660e+03
   5.1582550e+03
   4.1396730e+03
   1.6216680e+03
  -1.8998380e+03
  -5.4156350e+03
  -7.8901410e+03
  -9.1875690e+03
  -8.9009970e+03
  -7.3592090e+03
  -5.2272540e+03
  -2.5351770e+03
  -4.7326440e+02
  -2.1075310e+02
  -1.1301030e+03
  -2.1687290e+03
  -2.9573190e+03
  -3.4241710e+03
  -3.4404820e+03
  -3.0607660e+03
  -2.5481200e+03
  -1.7453240e+03
  -3.5402860e+02
   1.0211270e+03
   1.3120710e+03
   7.2987950e+02
   2.7960780e+02
   1.6877540e+02
   1.0890710e+03
   3.4299560e+03
   5.8245530e+03
   7.2937060e+03
   7.3213190e+03
   5.6105200e+03
   2.8612290e+03
   6.8840160e+01
  -1.6147300e+03
  -1.2002720e+03
   7.6202130e+02
   2.9715610e+03
   4.6971540e+03
   4.7914740e+03
   2.7722760e+03
  -4.5194060e+02
  -3.6870690e+03
  -6.0058980e+03
  -7.0770140e+03
  -6.7576890e+03
  -5.6686940e+03
  -4.5540160e+03
  -3.4858080e+03
  -2.3082090e+03
  -1.2770290e+03
  -8.6837370e+02
  -4.4055260e+02
   6.2022300e+02
   2.0014930e+03
   3.2210910e+03
   3.9154360e+03
   3.5767440e+03
   2.1531850e+03
   8.9065610e+02
   7.4386100e+02
   1.3471470e+03
   1.9455990e+03
   1.9123970e+03
   6.8382280e+02
  -1.7859530e+03
  -4.5776350e+03
  -6.3057920e+03
  -6.0938500e+03
  -3.8147210e+03
   4.4470770e+02
   5.2028570e+03
   7.9184020e+03
   8.0234570e+03
   6.1919130e+03
   2.5443000e+03
  -1.3240120e+03
  -2.9764620e+03
  -2.4893410e+03
  -1.0143680e+03
   8.4046590e+02
   1.8169830e+03
   7.9693130e+02
  -1.5995680e+03
  -3.3536560e+03
  -3.1927840e+03
  -1.6701300e+03
   1.5257830e+02
   1.0562110e+03
   2.8794050e+02
  -1.4474810e+03
  -2.9143800e+03
  -3.4597220e+03
  -3.3003000e+03
  -2.5983310e+03
  -1.3575730e+03
   1.7178790e+02
   1.5777080e+03
   2.7147330e+03
   3.9881970e+03
   4.7408270e+03
   4.0064800e+03
   2.0245490e+03
  -1.0058170e+03
  -4.4474420e+03
  -6.8908840e+03
  -7.8591590e+03
  -7.7782310e+03
  -6.6051680e+03
  -4.0554000e+03
  -3.2849290e+02
   4.1946450e+03
   8.6049850e+03
   1.1270200e+04
   1.1017000e+04
   8.3338530e+03
   4.8226320e+03
   1.4310780e+03
  -9.2287460e+02
  -8.6994040e+02
   1.1434660e+03
   3.4557060e+03
   5.5361460e+03
   6.7170670e+03
   6.0058990e+03
   3.7308620e+03
   4.8299020e+02
  -3.4070240e+03
  -6.7590890e+03
  -8.5207440e+03
  -9.0603670e+03
  -8.9253420e+03
  -8.1037820e+03
  -6.8168510e+03
  -5.7943310e+03
  -4.8891410e+03
  -3.4056870e+03
  -1.4995640e+03
   3.8743130e+00
   5.3776900e+02
   8.0226530e+02
   5.7449910e+02
  -5.0720610e+02
  -1.5845280e+03
  -2.9468680e+03
  -4.7417380e+03
  -5.8405310e+03
  -5.1750610e+03
  -2.8274420e+03
   6.8933590e+02
   5.0191030e+03
   8.3911090e+03
   9.4132970e+03
   8.8255330e+03
   7.1799170e+03
   5.0434340e+03
   3.9575120e+03
   4.6245820e+03
   5.7329840e+03
   5.7963700e+03
   5.3676740e+03
   4.8206720e+03
   3.4112940e+03
   1.4750900e+03
   6.1526740e+01
  -5.4824290e+02
  -9.2020070e+02
  -1.0342810e+03
  -7.6540110e+02
  -9.7383350e+02
  -2.0313660e+03
  -3.0571370e+03
  -3.1913310e+03
  -2.4956090e+03
  -1.6620050e+03
  -1.3677930e+03
  -1.8012720e+03
  -2.5626530e+03
  -3.3464470e+03
  -4.2131990e+03
  -4.5744950e+03
  -4.2421850e+03
  -3.7705930e+03
  -2.9457810e+03
  -1.6073780e+03
  -4.0414790e+02
   1.9206340e+02
   7.5866100e+01
  -6.6005900e+02
  -1.6080390e+03
  -2.4084190e+03
  -2.6464740e+03
  -2.4025540e+03
  -1.9732290e+03
  -1.5259230e+03
  -1.2919860e+03
  -9.1990520e+02
  -4.2331430e+02
  -7.3361110e+01
   5.2808000e+02
   1.4225360e+03
   2.3626290e+03
   3.7504760e+03
   5.4455830e+03
   6.7656930e+03
   7.5395430e+03
   7.3373410e+03
   6.0201960e+03
   3.9712480e+03
   1.9654400e+03
   1.0516550e+03
   9.9915380e+02
   1.3293980e+03
   2.0036240e+03
   1.9987860e+03
   2.9769790e+02
  -2.3763490e+03
  -4.5316910e+03
  -5.5279750e+03
  -4.7166920e+03
  -1.8805290e+03
   1.2838830e+03
   3.3822060e+03
   4.1343000e+03
   3.0415250e+03
   2.8502150e+02
  -2.8734880e+03
  -4.8230120e+03
  -5.1690730e+03
  -4.6727090e+03
  -3.6264550e+03
  -2.5824500e+03
  -1.9216280e+03
  -1.3287230e+03
  -6.7924820e+02
  -2.4042800e+02
  -1.5242580e+02
   1.9440260e+01
   2.0988060e+02
   1.9656270e+02
   1.7264530e+01
  -5.9594100e+02
  -1.3141720e+03
  -1.2749490e+03
   8.9516070e+00
   2.2339540e+03
   4.2838780e+03
   4.8754200e+03
   3.3657190e+03
   3.3725750e+02
  -2.8897090e+03
  -5.0473060e+03
  -5.3810860e+03
  -4.1055340e+03
  -1.9691580e+03
   2.9933110e+02
   1.8855920e+03
   2.0428530e+03
   1.1976050e+03
   4.1948900e+02
  -4.0020530e+02
  -1.1232930e+03
  -1.1878840e+03
  -1.0190440e+03
  -1.0792480e+03
  -1.3590260e+03
  -1.5475780e+03
  -1.2312340e+03
   8.7287700e+01
   2.4409310e+03
   4.9488000e+03
   6.3388560e+03
   5.9376150e+03
   4.3183620e+03
   2.4361790e+03
   1.1514840e+03
   1.4168360e+03
   3.1395730e+03
   5.2156890e+03
   6.8747320e+03
   7.1783520e+03
   5.6609480e+03
   3.4251690e+03
   1.4722840e+03
   1.9526060e+02
   5.8544800e+01
   4.3569360e+02
   1.1177660e+01
  -1.5781540e+03
  -3.8326730e+03
  -6.0585420e+03
  -7.7517300e+03
  -8.1148550e+03
  -7.2725630e+03
  -6.2248590e+03
  -5.2264610e+03
  -4.9315820e+03
  -5.8011300e+03
  -7.2939480e+03
  -8.3273810e+03
  -8.1614550e+03
  -7.2500040e+03
  -5.7011480e+03
  -3.5603160e+03
  -1.6238570e+03
   7.7821900e+01
   1.7731760e+03
   2.8495410e+03
   3.1321970e+03
   2.9016830e+03
   2.1511840e+03
   1.5837330e+03
   2.3009560e+03
   4.4276640e+03
   7.3164760e+03
   9.8662270e+03
   1.1149710e+04
   1.0982530e+04
   9.2807980e+03
   6.9256490e+03
   5.2786670e+03
   4.3467430e+03
   3.8732920e+03
   3.8899770e+03
   4.2390920e+03
   4.2217070e+03
   3.1565070e+03
   1.3925730e+03
  -6.6956560e+02
  -2.4682030e+03
  -3.4261370e+03
  -4.3777620e+03
  -5.6502580e+03
  -6.3611940e+03
  -6.6382570e+03
  -6.8368380e+03
  -6.3991860e+03
  -5.0886690e+03
  -3.8061410e+03
  -3.2541590e+03
  -3.5982350e+03
  -4.6607640e+03
  -5.5738010e+03
  -5.8030940e+03
  -5.3720610e+03
  -4.5611650e+03
  -3.6574960e+03
  -3.0380450e+03
  -2.5903540e+03
  -2.3177190e+03
  -2.3249020e+03
  -1.7890050e+03
  -6.0859310e+02
   1.0057140e+03
   2.5633580e+03
   3.7617330e+03
   5.5133130e+03
   7.4911770e+03
   8.7066040e+03
   9.2236510e+03
   8.8893860e+03
   7.1424260e+03
   4.3289870e+03
   1.7473640e+03
   2.9752040e+02
  -2.0052610e+01
   7.9757970e+02
   2.4928210e+03
   3.8479330e+03
   3.9952550e+03
   3.0241140e+03
   1.5466330e+03
   1.1067800e+02
  -8.3834250e+02
  -7.9403470e+02
  -1.8247990e+01
   1.0483570e+03
   2.1592160e+03
   2.5636860e+03
   1.7269270e+03
  -1.3612410e+02
  -2.5959440e+03
  -5.1726550e+03
  -7.3040520e+03
  -8.5061350e+03
  -8.6167930e+03
  -8.0508990e+03
  -6.9812020e+03
  -5.4655480e+03
  -4.2629610e+03
  -3.3294680e+03
  -2.1826990e+03
  -1.2054250e+03
  -9.2307510e+02
  -1.1303710e+03
  -1.1304250e+03
  -9.2750220e+02
  -7.8835590e+02
  -6.2510380e+02
  -4.2893880e+02
  -3.6332110e+02
  -5.3965120e+01
   8.6785920e+02
   2.3103240e+03
   4.0864070e+03
   5.6739010e+03
   6.7869930e+03
   7.2032240e+03
   7.3670750e+03
   7.4863510e+03
   7.3044990e+03
   7.3955630e+03
   7.4618920e+03
   7.2102560e+03
   6.8003620e+03
   5.9521310e+03
   4.4854540e+03
   2.6357220e+03
   8.9290820e+02
  -7.0884990e+02
  -2.0396210e+03
  -2.8736970e+03
  -3.3702690e+03
  -4.1136050e+03
  -5.3646590e+03
  -6.4088930e+03
  -6.8078770e+03
  -6.6087260e+03
  -5.8249820e+03
  -4.6851500e+03
  -3.6346030e+03
  -3.1381410e+03
  -3.4079610e+03
  -4.3678400e+03
  -5.4293790e+03
  -5.8046870e+03
  -5.4175880e+03
  -4.6787050e+03
  -3.6190030e+03
  -2.2636340e+03
  -1.0780640e+03
  -2.3999640e+02
   3.0628300e+02
   7.6108590e+02
   1.2569560e+03
   1.7054070e+03
   2.6015500e+03
   3.9807080e+03
   5.3292740e+03
   6.8102200e+03
   7.9091850e+03
   7.7273530e+03
   6.3600330e+03
   4.4419220e+03
   2.5698020e+03
   1.4411270e+03
   1.5965150e+03
   2.2375880e+03
   2.6311980e+03
   2.6282810e+03
   1.9211760e+03
   7.0289540e+02
  -1.0045450e+03
  -2.5661150e+03
  -3.1187120e+03
  -2.8860570e+03
  -2.0554380e+03
  -1.2080150e+03
  -1.1902370e+03
  -1.8332940e+03
  -2.6578080e+03
  -3.7893150e+03
  -5.0018660e+03
  -5.5325890e+03
  -5.4485790e+03
  -5.4028350e+03
  -5.0753840e+03
  -4.0799750e+03
  -3.1404080e+03
  -2.1565180e+03
  -7.4377430e+02
   5.3621360e+02
   1.2683850e+03
   1.7864090e+03
   2.5558240e+03
   3.1604920e+03
   3.3890200e+03
   3.2568970e+03
   2.4747160e+03
   1.3933240e+03
   5.7871580e+02
   4.1577350e+02
   1.0926720e+03
   2.4692950e+03
   4.1604690e+03
   5.2466820e+03
   5.1369850e+03
   3.8693550e+03
   1.8388530e+03
  -2.1158450e+02
  -1.6293750e+03
  -1.7754090e+03
  -1.0062940e+03
   1.6732530e+02
   1.7382620e+03
   2.7891630e+03
   2.9469180e+03
   2.5007460e+03
   1.5128760e+03
   3.1325570e+02
  -1.2244590e+03
  -2.8591750e+03
  -3.9728300e+03
  -4.2242130e+03
  -3.1599750e+03
  -1.1586680e+03
   9.7210430e+02
   2.5108150e+03
   2.6970850e+03
   1.4815740e+03
  -3.7393830e+02
  -2.2829310e+03
  -3.7599350e+03
  -4.1347790e+03
  -3.7324250e+03
  -3.3462490e+03
  -3.2072700e+03
  -3.2017010e+03
  -3.2084760e+03
  -3.2241900e+03
  -2.8355420e+03
  -1.6380250e+03
  -2.2057310e+02
   7.0655270e+02
   1.1878330e+03
   1.1918920e+03
   7.1760140e+02
   4.9773910e+02
   8.9904870e+02
   1.8054940e+03
   3.2073480e+03
   4.6121240e+03
   5.3448540e+03
   4.8498170e+03
   3.3521160e+03
   1.7232960e+03
   3.6285570e+02
  -4.0897670e+02
  -3.2820280e+02
   2.7121280e+02
   8.8099170e+02
   1.3927010e+03
   2.0173140e+03
   2.7959130e+03
   3.4592940e+03
   3.7249830e+03
   3.1441320e+03
   1.3935700e+03
  -1.1227960e+03
  -3.7995420e+03
  -6.1406990e+03
  -7.5400180e+03
  -7.7366520e+03
  -6.8915770e+03
  -5.3955610e+03
  -3.6202280e+03
  -1.9334520e+03
  -8.2447480e+02
  -3.1711250e+02
  -2.7687450e+02
  -3.6355080e+02
   5.2976840e+01
   1.0163690e+03
   2.1686910e+03
   3.3461230e+03
   4.4323790e+03
   5.0480250e+03
   5.1183540e+03
   4.8441800e+03
   4.3439970e+03
   3.9036780e+03
   3.6321130e+03
   3.4646110e+03
   3.1423720e+03
   2.1590080e+03
   4.5516220e+02
  -1.4266910e+03
  -2.8269900e+03
  -3.0456960e+03
  -1.8499870e+03
  -7.2774580e+01
   1.2673140e+03
   1.4633860e+03
   2.6570250e+02
  -1.9290720e+03
  -4.4255940e+03
  -6.1224980e+03
  -6.4951950e+03
  -5.7631770e+03
  -4.1872790e+03
  -2.6098370e+03
  -1.6131850e+03
  -1.4037960e+03
  -1.7725200e+03
  -1.8590930e+03
  -1.7892480e+03
  -1.6648590e+03
  -1.3986070e+03
  -1.4396520e+03
  -1.4862200e+03
  -1.2507660e+03
  -9.3294040e+02
  -4.1373750e+02
   4.7775280e+02
   1.6526920e+03
   2.9914570e+03
   4.0893590e+03
   4.7820540e+03
   4.9782210e+03
   4.4215620e+03
   3.5342900e+03
   2.7046390e+03
   1.9854870e+03
   1.5489650e+03
   1.6471000e+03
   2.0564510e+03
   2.3450620e+03
   2.3909910e+03
   1.8611340e+03
   6.0678660e+02
  -9.6155970e+02
  -2.3107860e+03
  -3.1263740e+03
  -3.2667680e+03
  -2.5324340e+03
  -1.2618860e+03
  -3.2092000e+02
   1.8964220e+01
  -1.7659650e+02
  -5.7146110e+02
  -7.5123640e+02
  -6.7404350e+02
  -2.6969380e+02
  -1.3718260e+02
  -6.3542080e+02
  -1.6235830e+03
  -2.8920300e+03
  -3.5918650e+03
  -3.5085080e+03
  -2.6173180e+03
  -9.8033090e+02
   4.6036230e+02
   1.3213670e+03
   1.9830880e+03
   2.4861540e+03
   2.7557630e+03
   2.9641960e+03
   2.9803490e+03
   2.6472710e+03
   2.1326100e+03
   1.6685510e+03
   1.3059850e+03
   9.5876550e+02
   8.8719040e+02
   1.0883700e+03
   1.1785790e+03
   1.0431960e+03
   4.6176480e+02
  -4.7007560e+02
  -1.3985210e+03
  -1.9550370e+03
  -1.8709400e+03
  -1.4813960e+03
  -9.1789690e+02
  -3.5036150e+02
  -2.8427630e+02
  -6.5020040e+02
  -1.1433970e+03
  -1.7496950e+03
  -2.3944940e+03
  -2.6286850e+03
  -2.1001000e+03
  -1.2872400e+03
  -3.1214530e+02
   8.5711250e+02
   1.4208080e+03
   1.1203760e+03
   1.1161590e+02
  -1.2568440e+03
  -2.3393450e+03
  -2.4522230e+03
  -1.3368470e+03
   1.6914420e+02
   1.2896120e+03
   1.6391050e+03
   1.2113870e+03
   4.4146030e+02
  -1.2474330e+02
   6.1902910e+01
   7.2936010e+02
   1.4384000e+03
   1.9385340e+03
   1.8122330e+03
   1.1827950e+03
   5.0419000e+02
   1.3807680e+02
   2.4553810e+02
   7.3474240e+02
   1.3570170e+03
   1.6868050e+03
   1.3850460e+03
   5.2010720e+02
  -3.8263640e+02
  -1.1160380e+03
  -1.4078990e+03
  -7.1524670e+02
   5.6528670e+02
   1.6977550e+03
   2.4113120e+03
   2.4800250e+03
   1.5453280e+03
   1.1301220e+02
  -8.6728000e+02
  -1.2766200e+03
  -1.3875960e+03
  -1.3921900e+03
  -1.3199050e+03
  -1.3980120e+03
  -1.8457770e+03
  -2.5058960e+03
  -3.3791780e+03
  -4.2330960e+03
  -4.3763840e+03
  -3.6340420e+03
  -2.1610510e+03
  -1.0184600e+02
   1.8806960e+03
   2.9115460e+03
   2.5969190e+03
   1.2239660e+03
  -6.3380600e+02
  -2.3233880e+03
  -2.9010300e+03
  -1.9429990e+03
   1.5610080e+02
   2.7696950e+03
   5.0561790e+03
   6.1848000e+03
   5.7236730e+03
   4.2514870e+03
   2.6258330e+03
   1.2150000e+03
   4.8884760e+02
   6.5458750e+02
   1.1750280e+03
   1.4096650e+03
   1.5927070e+03
   1.8549150e+03
   1.8433790e+03
   1.6941090e+03
   1.5203340e+03
   1.1155990e+03
   1.6718490e+02
  -1.2790660e+03
  -2.9290880e+03
  -4.4440090e+03
  -5.3310700e+03
  -5.3202310e+03
  -4.4320950e+03
  -3.0370530e+03
  -1.7307350e+03
  -1.0073070e+03
  -9.3673590e+02
  -1.4194100e+03
  -2.1179540e+03
  -2.6620540e+03
  -2.8120970e+03
  -2.3765180e+03
  -1.5798430e+03
  -5.3667250e+02
   5.3173170e+02
   1.4730490e+03
   2.2411330e+03
   2.6916390e+03
   2.8013580e+03
   2.5902620e+03
   2.0391160e+03
   1.2286780e+03
   5.4763890e+02
   1.9433230e+02
   2.9167150e+02
   6.5031560e+02
   1.2252470e+03
   1.9425840e+03
   2.2006420e+03
   1.9629230e+03
   1.4209500e+03
   8.8199070e+02
   7.3265260e+02
   8.4682750e+02
   1.1502750e+03
   1.3402830e+03
   9.7331810e+02
   1.1329880e+02
  -1.0859640e+03
  -2.1386820e+03
  -2.5243130e+03
  -2.0960390e+03
  -1.2414810e+03
  -4.4913180e+02
   2.6998630e+02
   6.2970680e+02
   3.7374850e+02
  -2.2055380e+02
  -8.5209510e+02
  -1.3450550e+03
  -1.4503630e+03
  -9.9939920e+02
  -3.9468490e+02
  -2.9174410e+02
  -5.7652010e+02
  -8.1778560e+02
  -1.0611000e+03
  -1.1640620e+03
  -7.0333810e+02
   1.4797230e+02
   9.4626650e+02
   1.4444630e+03
   1.3858220e+03
   6.3565140e+02
  -4.0432140e+02
  -1.0466790e+03
  -1.0684640e+03
  -5.0141470e+02
   3.5252830e+02
   1.1861790e+03
   1.6295360e+03
   1.2428670e+03
   3.5366040e+02
  -5.7738640e+02
  -1.1979500e+03
  -1.0885700e+03
  -3.0006320e+02
   8.4145640e+02
   1.8592030e+03
   2.2567220e+03
   1.8640770e+03
   9.1585440e+02
   3.3531240e+01
  -6.0529970e+02
  -7.9243160e+02
  -3.1456040e+02
   5.0901500e+02
